6 0.461866 0.380217 0.0819942 0.0669347
4 0.423797 0.490289 0.0510389 0.0966837
6 0.436765 0.633082 0.0836678 0.129405
6 0.978938 0.0849598 0.0401604 0.163618
4 0.304567 0.319976 0.0351371 0.0535478
0 0.153965 0.467232 0.112116 0.157671
4 0.461866 0.443433 0.0502015 0.0981725
6 0.761818 0.759515 0.076139 0.114532
6 0.517924 0.615233 0.0953824 0.0699098
-1 0.337158 0.0499172 0.103834 0.0998343
6 0.500772 0.467976 0.0527111 0.0639596
4 0.199565 0.404016 0.024264 0.0312378
0 0.840467 0.683655 0.0644243 0.0788353
6 0.274866 0.459794 0.0476905 0.0565229
4 0.614938 0.0409966 0.120566 0.0819932
6 0.940451 0.604083 0.0468558 0.148755
6 0.652213 0.665063 0.0995655 0.107096
0 0.397444 0.58474 0.14223 0.0892471
6 0.302895 0.398811 0.0251001 0.0535478
-1 0.318374 0.715636 0.218374 0.440283
3 0.783573 0.0380178 0.0627508 0.0760356
6 0.24349 0.404017 0.108772 0.171055
6 0.580676 0.568378 0.0819956 0.0773465
6 0.322976 0.462769 0.0384882 0.0505726
6 0.894851 0.6487 0.129686 0.223116
