3 0.153129 0.639776 0.0301206 0.0713986
6 0.804489 0.548298 0.109607 0.278151
6 0.721239 0.615976 0.163991 0.196343
0 0.579002 0.60854 0.108769 0.220141
6 0.312936 0.62862 0.0435088 0.129408
0 0.23596 0.627876 0.0836691 0.0892471
0 0.532985 0.630108 0.103749 0.177005
6 0.891505 0.467232 0.0845066 0.13982
6 0.381544 0.641263 0.0886883 0.130894
2 0.437183 0.674732 0.164827 0.108577
0 0.68066 0.531937 0.109607 0.126433
1 0.619581 0.693324 0.024264 0.0416472
6 0.529219 0.0403363 0.10124 0.0803216
6 0.882719 0.606311 0.0819956 0.108577
