0 0.796957 0.47764 0.0878564 0.211226
4 0.802817 0.59069 0.0259375 0.0386745
6 0.706179 0.58474 0.0251014 0.0356993
6 0.580676 0.8086 0.163991 0.20973
4 0.309589 0.0968592 0.122157 0.0773489
6 0.68066 0.554991 0.0209169 0.0505726
6 0.65263 0.623414 0.0602412 0.154693
0 0.718311 0.815294 0.0660979 0.0951974
3 0.620418 0.644982 0.0476919 0.120485
4 0.0405524 0.127351 0.0745477 0.0907359
1 0.829171 0.569866 0.0234279 0.0356969
0 0.780225 0.522267 0.0677728 0.169569
0 0.726259 0.535654 0.0853413 0.124944
4 0.081592 0.151894 0.0476905 0.0684235
6 0.644264 0.716379 0.0635883 0.0461111
