6 0.223829 0.376497 0.0945463 0.163618
0 0.735731 0.923925 0.108657 0.145692
0 0.699819 0.781508 0.11418 0.204625
0 0.693373 0.708661 0.110496 0.117863
0 0.626617 0.698015 0.0561664 0.194812
0 0.536375 0.633359 0.0709019 0.104769
1 0.736191 0.861719 0.0303865 0.0474732
1 0.739874 0.746312 0.0211787 0.0425609
1 0.557094 0.664463 0.0276247 0.0491106
6 0.441533 0.662009 0.0414405 0.135875
6 0.165289 0.729123 0.0322272 0.0540205
6 0.154699 0.774141 0.0460403 0.0392861
6 0.784994 0.801155 0.0322272 0.0703996
6 0.192913 0.686562 0.0193366 0.0703899
6 0.208106 0.666918 0.0184156 0.0572953
0 0.593003 0.755313 0.0534128 0.243906
0 0.827351 0.82898 0.0911609 0.175158
