6 0.8777 0.747616 0.0451809 0.0490863
0 0.161077 0.524499 0.0376508 0.0818104
1 0.28909 0.57879 0.0192434 0.0237987
0 0.258969 0.597384 0.0527111 0.224603
4 0.36732 0.407734 0.0920367 0.0922222
6 0.822897 0.778109 0.0493654 0.0594981
4 0.650957 0.607053 0.130522 0.110071
1 0.598664 0.580278 0.024264 0.0386745
1 0.845905 0.642007 0.0251001 0.043136
1 0.41794 0.573584 0.0259375 0.0401608
0 0.794868 0.565403 0.132197 0.214193
7 0.207514 0.514831 0.0786486 0.121971
6 0.151456 0.586971 0.0819956 0.105609
0 0.742157 0.58251 0.122156 0.191881
0 0.44555 0.508137 0.086176 0.171055
1 0.789429 0.659856 0.0292832 0.0401608
6 0.907821 0.547555 0.0753015 0.303438
0 0.300804 0.48062 0.0510376 0.223116
1 0.401625 0.386167 0.0251001 0.0520614
7 0.320466 0.69035 0.100403 0.130894
