1 0.176974 0.658369 0.0209169 0.0371857
4 0.278632 0.170487 0.048528 0.0847856
1 0.319211 0.657624 0.027611 0.0535478
3 0.231777 0.205442 0.0552207 0.0803241
4 0.174045 0.843555 0.0284471 0.0981725
4 0.62753 0.908259 0.0451809 0.168082
3 0.635897 0.387655 0.0719559 0.162132
0 0.144343 0.66655 0.0878522 0.0654483
4 0.641336 0.146689 0.0878522 0.072885
0 0.169444 0.54681 0.0644257 0.126433
6 0.799469 0.0506603 0.0995655 0.101321
6 0.352679 0.288739 0.027611 0.0713962
3 0.481528 0.337825 0.0476919 0.0951974
0 0.931666 0.0522356 0.107932 0.10412
0 0.190779 0.612259 0.11379 0.0996589
1 0.653468 0.400297 0.0234265 0.0475975
0 0.241399 0.797444 0.097892 0.133869
0 0.297457 0.598127 0.126339 0.101148
1 0.974755 0.0819846 0.0267749 0.0505726
6 0.360627 0.083471 0.0886883 0.110071
1 0.353515 0.574329 0.0175699 0.038672
4 0.883975 0.24114 0.0895258 0.107096
4 0.788174 0.9328 0.115465 0.130902
6 0.616234 0.18313 0.0694449 0.0624732
3 0.68066 0.893386 0.0292832 0.0907334
4 0.211655 0.914952 0.0720381 0.0773465
0 0.238052 0.700017 0.186582 0.159157
6 0.558506 0.918672 0.0845011 0.153207
