0 0.261062 0.0522356 0.0803221 0.0773465
6 0.420826 0.163794 0.0854249 0.130897
4 0.502027 0.0894213 0.0602412 0.0684235
6 0.384472 0.102065 0.0259375 0.0639596
0 0.549718 0.0470297 0.0451809 0.0758577
4 0.765583 0.11917 0.102076 0.232039
4 0.684425 0.0886781 0.0920354 0.165105
4 0.510394 0.93652 0.0418353 0.0580117
4 0.550973 0.970119 0.0962198 0.0597612
4 0.755543 0.973838 0.0903632 0.0523246
6 0.379452 0.893385 0.0493654 0.0788353
1 0.56185 0.0715729 0.0192434 0.0267714
5 0.936268 0.185362 0.0870148 0.123458
6 0.342638 0.0224866 0.076139 0.0446223
0 0.34975 0.0633918 0.0585677 0.0461111
4 0.614561 0.125121 0.0711184 0.0713962
4 0.852976 0.195775 0.0394079 0.0401608
6 0.471907 0.0574415 0.0301206 0.0669347
1 0.233032 0.0522356 0.024264 0.0475999
1 0.372759 0.072316 0.0108772 0.0282627
6 0.278631 0.845787 0.0602426 0.0758577
