6 0.239413 0.159448 0.0755071 0.0867617
6 0.0418997 0.929632 0.0543284 0.140736
6 0.413447 0.367346 0.0239419 0.0572953
6 0.446596 0.433646 0.053406 0.157152
6 0.442913 0.233938 0.101288 0.124425
0 0.273484 0.950095 0.073665 0.0998099
0 0.490795 0.377987 0.0441996 0.0883967
4 0.165289 0.343611 0.0709032 0.150604
4 0.213132 0.975515 0.0745861 0.0489693
0 0.342084 0.888076 0.0478824 0.0687549
0 0.267499 0.868268 0.116944 0.0965838
0 0.147333 0.865813 0.101288 0.150602
0 0.708106 0.265853 0.0497231 0.0736647
0 0.634902 0.195463 0.139042 0.142417
0 0.426338 0.269945 0.0847149 0.137507
0 0.664828 0.303504 0.110498 0.093309
1 0.296044 0.967306 0.0248616 0.0523855
1 0.71317 0.283041 0.0119709 0.0360136
1 0.457646 0.315782 0.0257826 0.0392885
1 0.342084 0.298593 0.0138117 0.0278289
0 0.374313 0.233113 0.080111 0.178433
1 0.327351 0.29205 0.0230195 0.0441886
0 0.312618 0.269946 0.0524863 0.104766
6 0.463631 0.0154727 0.0506442 0.0309454
6 0.124313 0.827343 0.0349904 0.0703923
6 0.202582 0.326423 0.0589323 0.0965838
0 0.277627 0.287953 0.0524863 0.153879
1 0.285454 0.343611 0.0239405 0.0425634
-1 0.197056 0.763501 0.10313 0.296296
0 0.279469 0.0931506 0.122468 0.0916715
0 0.214091 0.206104 0.113259 0.144055
1 0.215473 0.895278 0.0184156 0.0392885
4 0.638825 0.229984 0.13136 0.0490863
4 0.525872 0.229241 0.0845052 0.0475999
-1 0.262316 0.242628 0.106258 0.0892471
4 0.463916 0.213623 0.0394079 0.0520614
