0 0.631714 0.270889 0.137216 0.101145
6 0.928319 0.822731 0.0727919 0.107096
6 0.984795 0.947677 0.0284471 0.101148
0 0.866822 0.750591 0.118809 0.150231
4 0.816621 0.807857 0.0184073 0.0416496
0 0.782318 0.775133 0.105422 0.136845
1 0.825406 0.729023 0.024264 0.0416472
6 0.873098 0.694811 0.0527111 0.0832968
0 0.689864 0.883716 0.0610787 0.166594
1 0.703668 0.951395 0.0284471 0.043136
2 0.722913 0.905285 0.0384868 0.072885
1 0.732116 0.925364 0.0200809 0.0356993
0 0.820387 0.93057 0.102911 0.0937086
4 0.787337 0.969376 0.100403 0.0612476
6 0.953838 0.97222 0.0351412 0.0550341
3 0.83712 0.83835 0.0142242 0.0788353
6 0.659742 0.912853 0.158133 0.174293
3 0.607868 0.829425 0.0393243 0.114532
4 0.600714 0.590691 0.0686924 0.184442
3 0.765123 0.421122 0.0394079 0.10412
1 0.573104 0.244115 0.018491 0.0654483
6 0.668486 0.183131 0.108853 0.107096
0 0.631299 0.195769 0.122987 0.111567
4 0.794031 0.302127 0.0384868 0.0862719
6 0.74634 0.351955 0.0267749 0.0490863
6 0.715382 0.308819 0.0217544 0.0609868
6 0.629581 0.366832 0.118056 0.162125
6 0.543443 0.406991 0.129688 0.120482
4 0.552605 0.0738036 0.067855 0.147256
3 0.419613 0.604821 0.0660992 0.123458
3 0.50826 0.647212 0.067855 0.124946
4 0.541728 0.459051 0.0896094 0.141308
5 0.428817 0.173462 0.0962198 0.0907359
6 0.429235 0.244115 0.0903618 0.121969
0 0.439276 0.354931 0.0518736 0.108584
4 0.400746 0.42484 0.0502851 0.245426
6 0.371922 0.406991 0.0476905 0.0937086
6 0.266876 0.649444 0.0368983 0.108582
2 0.16275 0.597383 0.10124 0.197827
4 0.122171 0.727534 0.0267736 0.0803216
6 0.292856 0.512599 0.125503 0.0966837
6 0.330925 0.438971 0.0376508 0.0446223
6 0.261898 0.18908 0.110443 0.154695
0 0.0623479 0.624901 0.0660992 0.10412
5 0.173627 0.344518 0.0610787 0.126433
0 0.0744819 0.358653 0.0619189 0.151711
0 0.0330633 0.476901 0.0560581 0.212705
1 0.0242784 0.563173 0.0317941 0.0401608
0 0.0999986 0.473925 0.101239 0.212705
6 0.229267 0.308075 0.0451809 0.0803216
6 0.219645 0.398067 0.0409978 0.0699098
6 0.26148 0.336338 0.024264 0.0386745
6 0.262734 0.27907 0.0267736 0.0639596
6 0.296621 0.287996 0.0460184 0.0580093
6 0.169402 0.431535 0.0728755 0.118996
6 0.159403 0.0916533 0.0393243 0.0550365
