0 0.257296 0.859174 0.0828317 0.153207
0 0.111713 0.929959 0.0945463 0.140083
3 0.791939 0.49475 0.0711184 0.165105
6 0.744248 0.263453 0.0577316 0.0773489
0 0.824568 0.286508 0.0443407 0.108582
4 0.282813 0.121401 0.0702865 0.0669347
6 0.033064 0.897104 0.0627508 0.169569
1 0.133885 0.809345 0.0167338 0.0327242
6 0.34222 0.0372734 0.0518736 0.0745468
0 0.449315 0.0804971 0.0803221 0.0892446
1 0.477763 0.102064 0.0184073 0.0401608
0 0.0962349 0.825705 0.0970587 0.0624732
6 0.0481243 0.963294 0.0409964 0.072885
