0 0.361045 0.56466 0.0326302 0.0966837
6 0.270683 0.391372 0.0677714 0.107096
1 0.37234 0.604821 0.0133868 0.0163621
6 0.517506 0.656882 0.0510376 0.0639596
6 0.439694 0.63457 0.0309581 0.052059
0 0.205003 0.413684 0.070281 0.118996
6 0.466886 0.548298 0.0401617 0.0609868
4 0.385309 0.0142178 0.0811582 0.0284357
0 0.893178 0.792982 0.0962198 0.0981725
6 0.791479 0.0164498 0.0419189 0.0328996
6 0.704087 0.841326 0.0292845 0.0461111
6 0.770186 0.868843 0.024264 0.0416472
3 0.258133 0.549786 0.0543846 0.0907359
