-1 0.280305 0.318488 0.110443 0.190392
0 0.762236 0.965658 0.155624 0.0686842
4 0.829172 0.973706 0.0217544 0.0461111
1 0.212237 0.972271 0.018358 0.0364766
1 0.321308 0.109299 0.026997 0.0537549
6 0.720876 0.227371 0.0421162 0.159347
6 0.463856 0.133297 0.0442736 0.0787135
6 0.42282 0.160173 0.0377974 0.0710283
6 0.397982 0.211051 0.0917928 0.138229
6 0.30457 0.213932 0.0691146 0.0940716
6 0.300789 0.970296 0.0507566 0.0594079
6 0.0842667 0.954033 0.0453564 0.0806335
6 0.617205 0.174575 0.0809937 0.0652753
4 0.616125 0.247529 0.0442777 0.0883138
0 0.262993 0.172655 0.137149 0.184306
0 0.646362 0.9271 0.0658745 0.145799
0 0.119904 0.853241 0.0431963 0.159347
0 0.17336 0.944433 0.0939515 0.0998319
6 0.484375 0.209131 0.0291584 0.0537549
6 0.736535 0.036345 0.0388761 0.0422368
6 0.749492 0.0152924 0.0388734 0.0305848
