3 0.279049 0.873304 0.0878522 0.0743713
6 0.833355 0.125864 0.0585677 0.0966837
4 0.374851 0.114708 0.055222 0.0922222
1 0.427144 0.453102 0.0259375 0.0490838
4 0.59239 0.937396 0.147257 0.125207
3 0.762237 0.340056 0.123829 0.227578
6 0.926604 0.0165375 0.0410814 0.0327242
6 0.303732 0.667293 0.13889 0.165107
6 0.537168 0.511857 0.0719559 0.110068
0 0.475253 0.621927 0.0903632 0.232042
4 0.189524 0.804139 0.0694463 0.0758601
6 0.581512 0.859174 0.0552207 0.0609844
0 0.840885 0.0231433 0.0585691 0.0462865
3 0.153965 0.848018 0.0702823 0.0951974
6 0.565197 0.629364 0.0359772 0.0356969
0 0.393676 0.457565 0.0911979 0.0699098
0 0.361045 0.901566 0.0594038 0.190392
4 0.512486 0.608539 0.0610787 0.10412
1 0.307915 0.0738036 0.0234265 0.0282602
0 0.251021 0.528218 0.10375 0.0862695
6 0.628367 0.0194237 0.0200809 0.0388475
3 0.298712 0.925364 0.0451809 0.0624732
3 0.302059 0.408478 0.0819956 0.123458
6 0.53926 0.6487 0.0326316 0.029749
1 0.444714 0.711916 0.0326302 0.0490863
3 0.4079 0.94409 0.0677714 0.11182
-1 0.814111 0.363855 0.100402 0.32575
3 0.656814 0.267915 0.0953824 0.208243
0 0.795286 0.0402485 0.0644257 0.0804971
4 0.512026 0.256759 0.0770587 0.507217
3 0.164006 0.920158 0.117137 0.159157
6 0.90029 0.160076 0.0518736 0.126433
1 0.187433 0.496981 0.0284485 0.0356969
6 0.347658 0.76026 0.0309581 0.0446223
4 0.069878 0.81232 0.0443448 0.0922222
3 0.766839 0.821987 0.0510376 0.0758601
0 0.158985 0.542349 0.0769751 0.132383
6 0.414133 0.159331 0.0536308 0.0892471
