0 0.685219 0.459051 0.128934 0.0758601
0 0.547208 0.453846 0.142237 0.169569
1 0.628743 0.482106 0.0159814 0.0416496
1 0.78102 0.404016 0.0795683 0.191881
6 0.841303 0.61449 0.0259375 0.0684235
4 0.0644394 0.737203 0.0451809 0.0996589
0 0.720779 0.370548 0.0444285 0.133869
3 0.411247 0.0172783 0.0727919 0.0312329
3 0.359372 0.0581859 0.102913 0.116021
4 0.171954 0.503674 0.0610787 0.0937086
6 0.118406 0.807114 0.094545 0.242454
6 0.527546 0.61449 0.0945463 0.0684235
-1 0.152251 0.264196 0.0770587 0.248402
3 0.400785 0.569123 0.0769805 0.0937086
6 0.397859 0.476157 0.128013 0.184444
6 0.634224 0.971607 0.0686088 0.0567861
1 0.630835 0.444176 0.0201645 0.0461111
3 0.512862 0.0365302 0.0686924 0.0730604
4 0.266081 0.531193 0.0635883 0.0832968
6 0.0707148 0.110246 0.0476905 0.14577
4 0.846282 0.72456 0.0360609 0.130894
6 0.225084 0.659856 0.110443 0.221628
0 0.284173 0.488582 0.0973232 0.172159
6 0.605358 0.411453 0.114626 0.132381
2 0.796959 0.357906 0.0460184 0.0699098
5 0.110875 0.59292 0.196621 0.242454
4 0.70028 0.744641 0.0870984 0.171055
4 0.223411 0.938008 0.0435074 0.0907334
6 0.484875 0.498469 0.0376508 0.0803241
3 0.307079 0.392861 0.055222 0.0803216
6 0.957565 0.957264 0.0444367 0.0790205
0 0.542187 0.499212 0.0635883 0.144281
5 0.657233 0.328155 0.0610773 0.120482
3 0.506628 0.765465 0.0527111 0.105609
2 0.176556 0.929084 0.0635883 0.11751
0 0.688608 0.518549 0.133869 0.117507
1 0.317582 0.547976 0.0343777 0.0533699
6 0.348914 0.651675 0.0686088 0.0654459
6 0.748431 0.932191 0.139727 0.135619
6 0.487803 0.318488 0.051875 0.121971
6 0.733371 0.275352 0.111279 0.107098
6 0.584441 0.315513 0.116299 0.181469
3 0.450571 0.535654 0.0292832 0.0773465
3 0.561432 0.574329 0.0769751 0.0684235
0 0.876444 0.949909 0.133033 0.0907334
6 0.262734 0.810088 0.0853427 0.111559
