1 0.151874 0.387654 0.0309567 0.0461111
3 0.35979 0.244115 0.0317941 0.0594981
1 0.223829 0.311793 0.027611 0.0401608
1 0.536331 0.287251 0.0267736 0.0446248
3 0.103764 0.65242 0.137216 0.200804
6 0.472325 0.266428 0.0995669 0.13982
6 0.279886 0.372779 0.0443448 0.0580093
4 0.598246 0.244115 0.0267736 0.0981725
6 0.881046 0.940239 0.0853413 0.0981725
4 0.58486 0.318488 0.0585677 0.0713962
3 0.0677865 0.392861 0.0753015 0.0654483
6 0.130538 0.246346 0.0870162 0.129408
6 0.392841 0.351958 0.0627549 0.0728874
0 0.0129413 0.482106 0.0243476 0.169569
4 0.681915 0.314025 0.0602412 0.101145
4 0.394931 0.508136 0.051875 0.239479
