3 0.178647 0.186106 0.0828317 0.0922222
6 0.0368291 0.270889 0.0418353 0.0386745
0 0.743828 0.89636 0.0535444 0.0847856
6 0.378616 0.171232 0.0209183 0.0356993
4 0.492823 0.186849 0.0418339 0.0401608
3 0.696933 0.206187 0.0452645 0.153207
6 0.680659 0.94247 0.0225905 0.043136
0 0.117569 0.271633 0.0694449 0.239479
1 0.891505 0.773645 0.0225905 0.0386745
1 0.409995 0.224779 0.0200877 0.0416496
6 0.251021 0.22701 0.0686075 0.0609844
0 0.388237 0.224779 0.055222 0.0743738
6 0.0431044 0.353443 0.0376508 0.0342105
6 0.0686232 0.304357 0.0284471 0.0669347
4 0.702832 0.906773 0.055222 0.0758601
0 0.184923 0.279815 0.0819942 0.178494
0 0.255623 0.267171 0.10626 0.0847856
1 0.215881 0.285764 0.0284471 0.0446223
0 0.555533 0.173462 0.0452659 0.0520614
1 0.130119 0.161563 0.0259375 0.0223124
0 0.690281 0.967757 0.0786486 0.0609868
6 0.327577 0.221061 0.0694449 0.177005
0 0.836284 0.813064 0.124667 0.129408
