6 0.184086 0.778852 0.123829 0.147256
6 0.653886 0.903929 0.0895258 0.192142
0 0.120919 0.92401 0.0727865 0.151981
1 0.779807 0.90231 0.0301206 0.0312378
3 0.289927 0.903185 0.0510376 0.193631
6 0.496171 0.702249 0.190765 0.294513
5 0.725841 0.689604 0.0476905 0.0966837
1 0.8321 0.592922 0.0192434 0.0282602
0 0.376942 0.727539 0.0928728 0.0922125
0 0.783991 0.665062 0.0769751 0.0922198
6 0.684843 0.729023 0.0627508 0.0773441
6 0.360627 0.912109 0.110443 0.175782
0 0.214624 0.890541 0.149767 0.218918
5 0.661416 0.661344 0.0610773 0.123458
6 0.550136 0.854711 0.128014 0.174033
0 0.863057 0.663575 0.079486 0.166594
6 0.285744 0.743154 0.0594038 0.0699098
4 0.566452 0.108014 0.0719559 0.0461111
6 0.526709 0.966269 0.097892 0.0609844
4 0.215462 0.222549 0.0911979 0.159157
4 0.646356 0.0678545 0.0259375 0.0490863
0 0.667273 0.511112 0.109607 0.0907334
6 0.67815 0.0581847 0.0694449 0.0743713
6 0.158149 0.129582 0.132197 0.136845
6 0.581512 0.0596723 0.0669339 0.0565229
3 0.233032 0.327416 0.0460184 0.0832919
6 0.741319 0.551273 0.0351412 0.0847831
3 0.442622 0.85843 0.115463 0.181469
0 0.327996 0.907516 0.0351398 0.101148
-1 0.145556 0.489548 0.11722 0.315348
4 0.110876 0.157845 0.049364 0.0773465
6 0.0343195 0.299895 0.0619147 0.072885
6 0.253071 0.216598 0.0410814 0.0550341
1 0.622092 0.541605 0.0158964 0.0327217
6 0.307455 0.140738 0.0728742 0.072885
0 0.766002 0.62862 0.0343037 0.111557
0 0.709107 0.585484 0.0577316 0.141308
3 0.676476 0.839094 0.0560581 0.14577
6 0.604103 0.685887 0.117137 0.243942
0 0.258969 0.159332 0.101239 0.118996
3 0.420032 0.24114 0.107096 0.133869
0 0.758054 0.810088 0.0819956 0.209747
6 0.482365 0.145201 0.117973 0.22758
