6 0.740483 0.0775158 0.0535485 0.0684332
5 0.659742 0.148175 0.0644243 0.120482
6 0.128864 0.964039 0.0317941 0.0624732
4 0.69572 0.0625597 0.0677714 0.125119
0 0.289927 0.935033 0.0962185 0.117507
1 0.714546 0.208417 0.0251001 0.0178484
4 0.164006 0.835374 0.0602426 0.0966837
0 0.0518894 0.923135 0.0418353 0.129408
4 0.0280434 0.895616 0.0543846 0.0713986
1 0.101254 0.746128 0.0234265 0.0282602
1 0.610796 0.0381043 0.0117133 0.0342105
6 0.843396 0.155613 0.0870162 0.182956
6 0.563105 0.150407 0.0518736 0.0922222
6 0.313354 0.976813 0.0376508 0.0463743
0 0.085357 0.897847 0.0652618 0.114535
6 0.756798 0.149664 0.0744655 0.132383
6 0.277376 0.0328984 0.0543846 0.0624732
0 0.235542 0.072316 0.0476905 0.0966837
6 0.196218 0.946321 0.116299 0.107359
0 0.694465 0.303612 0.0585677 0.214193
0 0.323394 0.0314108 0.0510376 0.0594981
6 0.232195 0.142223 0.0694449 0.0490814
6 0.745503 0.0328984 0.0535471 0.0565229
6 0.479018 0.181644 0.0911993 0.0981701
6 0.901127 0.149663 0.0334677 0.111557
0 0.370249 0.94037 0.0911993 0.119259
6 0.675221 0.295433 0.0234279 0.0490863
1 0.379034 0.894873 0.0117133 0.0342105
0 0.204585 0.880742 0.0811595 0.0713962
6 0.598666 0.871073 0.0292859 0.188906
0 0.793612 0.240397 0.0460184 0.135356
6 0.310426 0.237422 0.0819942 0.114532
4 0.804489 0.183874 0.0259361 0.0223099
6 0.649703 0.0417361 0.0744655 0.0834722
0 0.269846 0.104296 0.0677714 0.118996
0 0.326323 0.848018 0.120482 0.118994
6 0.110454 0.804139 0.0585732 0.0550365
4 0.439694 0.0447978 0.0895258 0.0862719
5 0.494915 0.0976036 0.107933 0.129408
0 0.298712 0.121402 0.0552207 0.117507
0 0.573564 0.0335551 0.0878522 0.0671101
5 0.227593 0.773646 0.0903618 0.136845
0 0.381963 0.0619042 0.0409978 0.0639596
6 0.681078 0.22701 0.0351412 0.0461111
0 0.560595 0.0812415 0.0702823 0.0639596
6 0.70827 0.116938 0.0443435 0.105612
6 0.376525 0.125865 0.135546 0.197831
6 0.730024 0.269403 0.0359772 0.107096
0 0.0786595 0.799676 0.0702851 0.135356
