0 0.0786637 0.982019 0.0602412 0.0359625
6 0.279468 0.505905 0.0753015 0.116021
2 0.453081 0.192055 0.0409978 0.0535502
0 0.237216 0.935029 0.0426713 0.129415
0 0.903218 0.191312 0.0476919 0.20973
0 0.281142 0.930703 0.055222 0.138594
6 0.76893 0.297664 0.0351412 0.0624732
6 0.170281 0.688862 0.101239 0.113046
0 0.185759 0.97222 0.0652604 0.0550341
0 0.0962336 0.946932 0.0602412 0.105609
4 0.292019 0.150407 0.0267736 0.0356969
0 0.0523074 0.920158 0.076139 0.0937086
0 0.115057 0.861406 0.0409937 0.193367
6 0.719147 0.317745 0.0577316 0.0580093
5 0.217972 0.901567 0.0510376 0.107096
