6 0.127191 0.959576 0.0502015 0.0594981
1 0.772277 0.849505 0.0251014 0.0446248
0 0.237216 0.200236 0.10124 0.0907359
0 0.862639 0.796701 0.132197 0.165107
0 0.386983 0.184619 0.10626 0.0981701
0 0.663089 0.185362 0.116299 0.0669371
6 0.228849 0.162308 0.0476919 0.0862719
0 0.672293 0.911979 0.223396 0.172544
0 0.841304 0.873304 0.144746 0.166594
0 0.307079 0.965655 0.073628 0.0686891
4 0.940451 0.194286 0.0117133 0.0312378
0 0.876445 0.178668 0.143073 0.0684235
1 0.780226 0.812318 0.0225905 0.0356993
1 0.970336 0.179374 0.0248383 0.0134405
0 0.977895 0.123699 0.0421176 0.132471
6 0.720877 0.0968214 0.104752 0.105592
