6 0.401207 0.789264 0.0426713 0.0907359
6 0.278633 0.941115 0.0468503 0.11777
4 0.3062 0.617465 0.12726 0.151718
4 0.375687 0.308821 0.135544 0.120482
4 0.768093 0.751334 0.120482 0.142795
6 0.635855 0.56317 0.164073 0.20675
0 0.219645 0.322206 0.0594052 0.093711
0 0.63962 0.331875 0.0678564 0.0594956
6 0.577329 0.470952 0.117135 0.0699098
6 0.209187 0.955115 0.0987294 0.0862719
3 0.49366 0.702249 0.0468544 0.0743713
-1 0.865149 0.13702 0.0987294 0.267739
1 0.663507 0.344519 0.0184073 0.0312354
2 0.780225 0.504419 0.0543846 0.130894
3 0.410829 0.679938 0.0686088 0.110071
0 0.498638 0.25899 0.117219 0.0773465
0 0.233032 0.425584 0.122993 0.130894
4 0.431745 0.326669 0.0284471 0.0282602
4 0.266081 0.340056 0.0401617 0.063962
4 0.48362 0.953757 0.0133868 0.0924854
3 0.268592 0.670269 0.0468544 0.123458
0 0.503282 0.482851 0.0543846 0.194854
1 0.239307 0.345262 0.0234279 0.038672
6 0.377779 0.360136 0.0694449 0.0594981
1 0.185341 0.468721 0.024264 0.0535478
0 0.187809 0.353443 0.0862623 0.111559
6 0.410829 0.396578 0.0435074 0.043136
