4 0.288253 0.0262061 0.0476905 0.0401608
4 0.563942 0.0186806 0.0970559 0.0373611
2 0.616193 0.0194237 0.0109608 0.0388475
4 0.817039 0.0559539 0.0811595 0.0966837
1 0.476048 0.0291801 0.0201631 0.0252851
4 0.375645 0.0104995 0.0335513 0.020999
6 0.330046 0.025374 0.0494476 0.0507481
-1 0.834568 0.190568 0.097977 0.118996
0 0.888116 0.0336428 0.0829153 0.0669347
1 0.517087 0.952139 0.0267736 0.0535478
1 0.735045 0.168255 0.0175699 0.0327242
6 0.572309 0.0715716 0.107096 0.118996
0 0.151037 0.764721 0.109607 0.178492
6 0.458101 0.108759 0.0493654 0.0892471
0 0.667691 0.0350426 0.117137 0.0700853
1 0.18827 0.828682 0.0251001 0.0475975
6 0.932042 0.0819846 0.0502851 0.0773465
0 0.75889 0.152638 0.0702823 0.0639596
6 0.351382 0.103551 0.043591 0.043136
6 0.777715 0.0885904 0.0911979 0.177181
6 0.834988 0.117689 0.0770628 0.0535599
0 0.503701 0.0552108 0.0753015 0.0832968
6 0.947939 0.0543787 0.0435924 0.108757
6 0.753409 0.0246308 0.0561417 0.0492617
6 0.327996 0.904541 0.0769764 0.0892471
6 0.947939 0.159332 0.100487 0.118996
0 0.466887 0.90231 0.12885 0.153207
