6 0.280724 0.516318 0.0409978 0.0654483
0 0.284907 0.426327 0.13136 0.102634
6 0.568543 0.722329 0.119646 0.0877583
0 0.287417 0.570609 0.0911993 0.0550341
6 0.363555 0.575072 0.0778125 0.123458
6 0.510812 0.801163 0.117973 0.132381
0 0.312936 0.695554 0.0970559 0.0818104
0 0.227133 0.507394 0.0795683 0.0892471
6 0.449734 0.58251 0.0326316 0.0669347
6 0.168189 0.482108 0.0886883 0.113046
0 0.169863 0.553504 0.0635883 0.101145
4 0.614101 0.871073 0.0586513 0.0907334
4 0.350587 0.711918 0.0200795 0.0461111
6 0.676896 0.813063 0.0937048 0.0669347
6 0.325068 0.49847 0.0577316 0.107096
5 0.479018 0.671756 0.102913 0.162132
6 0.333853 0.621927 0.0753015 0.0803216
4 0.149782 0.67845 0.0702823 0.0922222
