4 0.110834 0.169 0.113036 0.162132
6 0.239726 0.961938 0.0409978 0.0761233
3 0.222992 0.13702 0.0744655 0.0654483
6 0.235124 0.889666 0.0317941 0.0416472
4 0.733371 0.270146 0.0627508 0.0937086
4 0.617489 0.827937 0.110444 0.171055
6 0.585696 0.563168 0.0251001 0.0490936
6 0.161495 0.892641 0.055222 0.0565205
4 0.729188 0.489544 0.0811582 0.0803216
6 0.632131 0.665062 0.101239 0.0981701
4 0.28491 0.579535 0.0644189 0.144284
4 0.502822 0.874048 0.0887719 0.138331
3 0.146812 0.787783 0.0695285 0.111569
4 0.776879 0.731254 0.0594052 0.206757
3 0.548004 0.0357858 0.0636719 0.0715716
4 0.381544 0.673243 0.070281 0.0996589
6 0.133885 0.942471 0.0836691 0.0996589
4 0.308334 0.973095 0.0845052 0.0538109
4 0.0983231 0.798933 0.0778056 0.14577
6 0.330506 0.656138 0.0619147 0.0981725
4 0.447225 0.86066 0.0527111 0.132383
3 0.522944 0.502931 0.113788 0.130897
3 0.225502 0.846531 0.0443448 0.0832968
3 0.689863 0.341544 0.0895258 0.141308
6 0.737972 0.578047 0.0284471 0.052059
3 0.3769 0.206931 0.108017 0.232044
6 0.579002 0.754309 0.0585691 0.0713962
4 0.863434 0.618208 0.103834 0.233531
4 0.443418 0.134045 0.0335513 0.190395
4 0.359372 0.552761 0.0811582 0.179981
