0 0.27152 0.662831 0.097892 0.0847856
6 0.491151 0.723816 0.0953824 0.191881
1 0.907403 0.865128 0.0276083 0.0371759
3 0.949237 0.287996 0.0560581 0.0847831
5 0.602429 0.791496 0.0753029 0.130897
6 0.259388 0.721586 0.0585677 0.0594981
6 0.60494 0.952138 0.0669353 0.0892471
3 0.107111 0.793727 0.112116 0.129408
3 0.283191 0.891154 0.0611609 0.118994
4 0.407063 0.877022 0.102913 0.185931
6 0.230103 0.868839 0.0284471 0.0684284
6 0.785245 0.920903 0.128013 0.157668
0 0.435511 0.774387 0.0476905 0.147264
4 0.180739 0.880742 0.0652618 0.127922
4 0.576074 0.866611 0.0343051 0.0312378
4 0.338037 0.811577 0.0568956 0.147256
3 0.317538 0.503676 0.0962185 0.177005
0 0.681496 0.739435 0.13638 0.118996
1 0.42798 0.717867 0.0309581 0.034213
3 0.691076 0.0909113 0.092119 0.124951
1 0.261898 0.594408 0.021753 0.0401608
1 0.735463 0.773646 0.0267749 0.0505726
4 0.888995 0.646469 0.10626 0.221628
0 0.813274 0.11917 0.10375 0.175519
4 0.534658 0.739435 0.107096 0.15172
0 0.704923 0.912109 0.097892 0.175782
0 0.123426 0.595897 0.0811582 0.141306
2 0.310008 0.731997 0.0845066 0.124944
6 0.493242 0.906903 0.097892 0.186194
6 0.451408 0.0648782 0.0292845 0.0609844
6 0.677313 0.825707 0.0727919 0.118996
6 0.398654 0.683655 0.0477741 0.081808
2 0.651794 0.877024 0.123829 0.129408
1 0.31168 0.653162 0.0225918 0.0475999
6 0.455967 0.0983467 0.0368983 0.0565229
0 0.201238 0.572841 0.141399 0.0981725
0 0.380707 0.751334 0.0502001 0.10412
0 0.927903 0.754312 0.0719518 0.261796
6 0.436765 0.0372734 0.048528 0.0745468
0 0.878954 0.791495 0.0443448 0.110071
6 0.584022 0.0491728 0.118809 0.0983455
4 0.773532 0.653163 0.171521 0.246915
1 0.379034 0.585484 0.0334677 0.0371857
6 0.390748 0.0797539 0.070281 0.0669347
0 0.366065 0.639776 0.0527111 0.13982
0 0.873516 0.919415 0.0585677 0.160643
6 0.26148 0.8324 0.0326302 0.0580117
