6 0.752196 0.947808 0.115462 0.104384
6 0.588206 0.475413 0.0719545 0.135358
6 0.267755 0.213629 0.0753015 0.0699001
4 0.718729 0.549042 0.055222 0.101145
1 0.959695 0.536399 0.021753 0.0490838
6 0.371922 0.0284357 0.0292832 0.0446394
1 0.330924 0.114706 0.0209169 0.0356944
5 0.316701 0.0782663 0.0677714 0.0758601
0 0.713291 0.293202 0.143073 0.0981725
6 0.563105 0.261965 0.0903632 0.121971
0 0.281978 0.145945 0.117137 0.107096
6 0.745503 0.386167 0.163991 0.120482
3 0.895688 0.633082 0.0443448 0.0609844
4 0.785664 0.528218 0.0836691 0.0832968
6 0.663926 0.496238 0.0744641 0.159157
6 0.518343 0.980532 0.0677714 0.0389352
4 0.414594 0.420378 0.0694449 0.141306
3 0.256041 0.482113 0.110443 0.321301
3 0.211696 0.955245 0.0920354 0.0895102
0 0.91033 0.481362 0.120482 0.159157
4 0.775205 0.282789 0.024264 0.0505726
