6 0.371504 0.881485 0.130524 0.224603
4 0.498262 0.871818 0.0527111 0.107096
2 0.435511 0.772158 0.0393243 0.130894
4 0.792357 0.92401 0.0702823 0.151981
6 0.426725 0.660599 0.0585677 0.124946
6 0.67062 0.776622 0.0644243 0.202293
6 0.530475 0.734973 0.140563 0.193367
6 0.499098 0.951395 0.0560581 0.0907334
0 0.143504 0.592178 0.0627453 0.160643
1 0.384054 0.692579 0.0334677 0.0639596
2 0.322976 0.711173 0.152277 0.24394
6 0.152292 0.641263 0.130524 0.255841
6 0.153965 0.853967 0.0652604 0.0654483
0 0.236798 0.622671 0.0686088 0.197831
4 0.542192 0.595152 0.0568887 0.145768
0 0.489894 0.621927 0.0560581 0.232042
6 0.564779 0.903798 0.0853413 0.182956
4 0.666015 0.371948 0.138886 0.743896
