6 0.207516 0.383192 0.0568901 0.105609
6 0.274866 0.945446 0.112954 0.105609
4 0.269846 0.175693 0.0694449 0.110071
6 0.590297 0.0648782 0.0309567 0.072885
6 0.0774082 0.961938 0.0443448 0.0761233
2 0.534242 0.272377 0.0393284 0.0981701
6 0.41794 0.249321 0.0644243 0.0847831
0 0.343475 0.9783 0.0644243 0.0433991
6 0.499936 0.14297 0.112952 0.118996
6 0.431327 0.149664 0.0343037 0.114532
6 0.181157 0.278327 0.0660979 0.118994
6 0.612051 0.248578 0.076139 0.157668
6 0.487385 0.491032 0.0443448 0.0981701
4 0.348913 0.0440546 0.0418339 0.0282602
6 0.392421 0.229241 0.0468544 0.0684235
6 0.845485 0.481363 0.0343078 0.043136
6 0.703331 0.569587 0.116081 0.101416
