0 0.517087 0.398069 0.167338 0.0877558
1 0.455591 0.478388 0.0209169 0.0371857
0 0.848834 0.504418 0.12132 0.13982
0 0.920789 0.455334 0.0577316 0.28559
0 0.234705 0.438227 0.107933 0.102634
1 0.656815 0.514831 0.0267736 0.0475999
0 0.402461 0.433021 0.11379 0.101145
0 0.214624 0.523756 0.101239 0.163618
0 0.611218 0.465002 0.117967 0.150229
4 0.570217 0.552761 0.161482 0.0996589
4 0.752196 0.528961 0.0870162 0.0818104
0 0.822059 0.383192 0.124667 0.144284
0 0.853017 0.395091 0.0911993 0.0907334
6 0.750942 0.588459 0.0778125 0.043136
0 0.511231 0.481363 0.132196 0.0758601
0 0.330924 0.515574 0.128014 0.0847831
1 0.277377 0.467975 0.0209183 0.0342105
0 0.658488 0.348237 0.123831 0.160646
1 0.45099 0.464257 0.0184073 0.0327242
6 0.459356 0.611514 0.133871 0.214193
1 0.171536 0.588459 0.0167338 0.0312354
0 0.722076 0.435252 0.108771 0.138331
6 0.19078 0.507393 0.0753015 0.101145
0 0.58737 0.3289 0.127177 0.0713962
