6 0.50119 0.981144 0.0619147 0.0371857
6 0.129701 0.806369 0.147256 0.130897
0 0.308753 0.108759 0.108769 0.0743738
1 0.26148 0.109502 0.0192448 0.052059
0 0.333853 0.0522356 0.0953824 0.0862695
1 0.297834 0.0306676 0.0268572 0.0342105
3 0.444672 0.208417 0.0394079 0.118994
1 0.403674 0.104297 0.0260211 0.0565229
6 0.448479 0.119172 0.0552207 0.0594981
0 0.533403 0.110989 0.0911993 0.072885
0 0.677271 0.193543 0.154871 0.101145
4 0.376942 0.882973 0.134707 0.120482
0 0.401206 0.820497 0.122993 0.105614
1 0.449734 0.837607 0.0276096 0.0386745
4 0.189065 0.882228 0.108853 0.0505726
3 0.293692 0.876279 0.0317941 0.0803216
4 0.310844 0.947677 0.097892 0.0565229
0 0.83461 0.917184 0.166501 0.165105
1 0.764746 0.865867 0.0267736 0.0594981
0 0.73379 0.933545 0.0669353 0.132383
4 0.450571 0.958833 0.0426713 0.0669347
0 0.602429 0.929959 0.0819942 0.140083
0 0.689864 0.813807 0.0928714 0.24394
4 0.652631 0.911979 0.0251001 0.0475975
6 0.614143 0.854711 0.0669353 0.0490863
4 0.729606 0.90231 0.100402 0.072885
6 0.472325 0.911977 0.0309567 0.0446223
