6 0.0903769 0.422608 0.0451809 0.0356993
3 0.698231 0.894129 0.0711184 0.121971
0 0.788174 0.784063 0.11379 0.121981
5 0.870588 0.764721 0.0594052 0.127922
4 0.240981 0.54681 0.0853413 0.114532
4 0.63004 0.372036 0.0535485 0.163618
6 0.0238603 0.58251 0.0476905 0.0580117
0 0.380291 0.307332 0.0627481 0.153207
4 0.75638 0.895616 0.0401617 0.113046
6 0.668109 0.842812 0.0610787 0.111559
6 0.955511 0.964039 0.0384868 0.0713962
0 0.457264 0.358649 0.101239 0.136845
4 0.154384 0.374267 0.027611 0.0401608
6 0.168607 0.466489 0.0209169 0.0252875
-1 0.471865 0.497725 0.103834 0.248404
4 0.292019 0.454588 0.0719545 0.0669347
4 0.273152 0.331876 0.0628358 0.166594
3 0.801519 0.848762 0.098813 0.072885
4 0.913259 0.856199 0.0711184 0.191881
3 0.058959 0.662087 0.0594888 0.0684235
4 0.171494 0.579535 0.0569792 0.135356
4 0.795286 0.940983 0.0778111 0.117507
4 0.853394 0.909003 0.0569792 0.0803216
1 0.741319 0.826451 0.0167338 0.0371857
4 0.329252 0.364599 0.0677714 0.175519
6 0.904474 0.938751 0.0401617 0.10412
6 0.166892 0.149576 0.295434 0.299152
3 0.599919 0.273865 0.0351398 0.0773489
6 0.189106 0.398067 0.0585677 0.0966837
6 0.20835 0.27684 0.0903618 0.157671
