0 0.457265 0.0760344 0.0878522 0.124944
4 0.710362 0.260478 0.0301206 0.0624708
4 0.565197 0.198006 0.0594052 0.10412
3 0.808673 0.235934 0.076139 0.0699098
4 0.53926 0.230729 0.0527111 0.0713986
0 0.573982 0.110246 0.100402 0.113046
0 0.655977 0.20693 0.133871 0.169566
6 0.326281 0.319976 0.0569778 0.172544
6 0.484457 0.824963 0.0451823 0.0342105
4 0.399533 0.0291801 0.0610773 0.0550365
1 0.860548 0.709686 0.0192448 0.0416472
6 0.682752 0.787032 0.152277 0.232042
1 0.850926 0.805625 0.0317941 0.0490863
4 0.307037 0.20693 0.0385718 0.0713986
0 0.270265 0.956732 0.0669353 0.0865351
4 0.397023 0.0879349 0.049364 0.0713962
3 0.548882 0.046942 0.0635883 0.093884
0 0.783991 0.872563 0.165665 0.171053
6 0.522107 0.166025 0.0468544 0.0639596
0 0.797375 0.766953 0.140558 0.153204
4 0.821223 0.953009 0.114626 0.0939815
1 0.53424 0.0708285 0.0209169 0.0312378
4 0.74634 0.267171 0.0585677 0.105609
3 0.273193 0.317745 0.0577316 0.182956
3 0.814948 0.305844 0.107097 0.102634
6 0.329251 0.842067 0.148093 0.202293
0 0.595318 0.907516 0.122993 0.0892471
4 0.493243 0.807772 0.0242599 0.0953679
4 0.418735 0.253784 0.0728755 0.0937086
