1 0.544698 0.534911 0.0267736 0.0490863
1 0.706137 0.359393 0.018491 0.0282602
0 0.74132 0.383192 0.0819956 0.0758577
4 0.413338 0.737947 0.0334663 0.0505726
2 0.579421 0.703735 0.0610787 0.13982
6 0.68066 0.433021 0.133033 0.154693
4 0.741738 0.525242 0.0309567 0.0684235
3 0.826243 0.610771 0.0276096 0.0847831
6 0.165679 0.976681 0.0552207 0.0461111
0 0.586114 0.477644 0.11128 0.166594
6 0.828753 0.496238 0.0895244 0.105609
1 0.2916 0.894872 0.024264 0.0550365
-1 0.687353 0.716379 0.0610773 0.120482
6 0.490313 0.705224 0.137216 0.133869
2 0.236797 0.935033 0.100403 0.0966837
0 0.437602 0.650932 0.0803221 0.224603
0 0.351005 0.847273 0.138054 0.153207
4 0.49617 0.554248 0.0619147 0.108584
