2 0.42547 0.375755 0.0744655 0.17403
6 0.82959 0.647212 0.0727919 0.124946
0 0.680241 0.450871 0.148931 0.0892471
0 0.499936 0.329643 0.094545 0.236503
1 0.745084 0.428559 0.0209169 0.0505726
1 0.878954 0.460538 0.0259375 0.0342105
0 0.436347 0.47169 0.0677714 0.136835
3 0.746758 0.652418 0.0460184 0.0312354
2 0.321305 0.372042 0.0953783 0.121959
6 0.513322 0.205442 0.117974 0.154695
0 0.255623 0.430789 0.0727919 0.165107
4 0.68568 0.476157 0.174868 0.232042
4 0.553483 0.419628 0.024264 0.0446126
5 0.550973 0.315513 0.0711184 0.110071
0 0.666018 0.511111 0.162318 0.126433
0 0.0966516 0.980532 0.0409978 0.0389352
6 0.933758 0.649444 0.0669339 0.0758577
1 0.463916 0.229984 0.0210005 0.0371857
5 0.962205 0.311055 0.0719545 0.127909
3 0.798633 0.46054 0.0660979 0.123458
6 0.379034 0.494006 0.0284471 0.0446248
6 0.888995 0.540861 0.0510389 0.111557
4 0.358117 0.441946 0.055222 0.0832968
4 0.84967 0.36683 0.112954 0.191881
4 0.728769 0.469464 0.0351398 0.0550341
0 0.899035 0.508137 0.0644243 0.12643
6 0.634642 0.335593 0.221721 0.370373
3 0.542606 0.508137 0.0962185 0.108584
1 0.230522 0.495493 0.0225905 0.0416496
1 0.105019 0.867355 0.0192434 0.0237987
6 0.936687 0.517063 0.102913 0.203779
6 0.206258 0.407734 0.107933 0.0862719
1 0.0886616 0.975194 0.0335513 0.0401584
0 0.0736431 0.928471 0.0786486 0.143058
5 0.763492 0.305101 0.0577316 0.142795
4 0.627111 0.381704 0.169848 0.153209
1 0.35477 0.38468 0.0334677 0.0758601
0 0.242654 0.377986 0.0552207 0.0981701
4 0.814948 0.827937 0.0502001 0.257327
