3 0.172331 0.531936 0.0753851 0.162132
6 0.384431 0.0700853 0.0896094 0.107096
0 0.511649 0.783314 0.116299 0.224605
3 0.577705 0.357906 0.071202 0.141308
4 0.736299 0.939627 0.0937089 0.120746
6 0.645519 0.761001 0.0978934 0.120482
0 0.290345 0.311793 0.11379 0.153207
5 0.409155 0.895616 0.0836691 0.13982
4 0.241399 0.953626 0.138054 0.0922222
6 0.590297 0.949296 0.0326316 0.101408
6 0.593602 0.267915 0.0578152 0.116021
1 0.823315 0.897104 0.0267749 0.0505726
2 0.545953 0.22701 0.0627508 0.126433
4 0.216257 0.676962 0.0728755 0.28559
0 0.469396 0.0566983 0.0753029 0.107096
4 0.467263 0.949164 0.0444271 0.0773489
4 0.581094 0.699273 0.0409978 0.0565229
1 0.684006 0.0507456 0.0343037 0.035692
6 0.217971 0.27907 0.0594052 0.0580093
4 0.309589 0.907516 0.055222 0.0565229
4 0.233451 0.232216 0.0418353 0.0565229
6 0.185759 0.309563 0.0217544 0.0505726
0 0.517924 0.0626474 0.0401604 0.0713962
6 0.913259 0.839837 0.0460184 0.0520614
3 0.0259108 0.244859 0.0486116 0.0788353
1 0.249766 0.351212 0.0309567 0.0565229
6 0.558085 0.125865 0.0602412 0.120482
6 0.741319 0.746128 0.0953824 0.197831
6 0.860966 0.764721 0.11379 0.121971
1 0.460988 0.685143 0.021838 0.0371857
6 0.0556545 0.42484 0.111279 0.0609868
6 0.582349 0.824963 0.0435074 0.179981
3 0.405347 0.480619 0.071202 0.118996
4 0.15773 0.455334 0.0911979 0.166594
3 0.30118 0.0633918 0.0837527 0.126433
1 0.863058 0.665805 0.0259375 0.0312354
6 0.647987 0.839837 0.0410814 0.0847856
