3 0.311262 0.826451 0.10375 0.0966837
6 0.56938 0.723816 0.0895258 0.072885
4 0.350169 0.92239 0.0861787 0.116019
3 0.85925 0.717867 0.0201645 0.0966837
6 0.590716 0.656138 0.0836691 0.157671
0 0.725841 0.494749 0.107932 0.0937086
6 0.780644 0.547555 0.0267736 0.0505726
3 0.734166 0.697786 0.0477755 0.121971
3 0.140996 0.193543 0.0527111 0.0773489
6 0.478182 0.73274 0.0460184 0.0699098
6 0.333811 0.0477729 0.070366 0.0743713
3 0.257296 0.15115 0.0326302 0.0877583
3 0.715341 0.783314 0.0385704 0.081808
6 0.465212 0.830913 0.0970559 0.141308
6 0.0602563 0.0745468 0.0234265 0.0416472
6 0.171536 0.0477741 0.0317941 0.0505726
6 0.0619298 0.163794 0.123829 0.154693
4 0.588206 0.820501 0.0267736 0.043136
1 0.691913 0.639777 0.0235115 0.029749
4 0.529178 0.839837 0.0343887 0.0371881
4 0.220482 0.110246 0.0443435 0.0267788
