0 0.144762 0.601101 0.0786486 0.193367
1 0.666854 0.224778 0.0267736 0.0327242
6 0.447643 0.198749 0.120482 0.174033
1 0.113386 0.685143 0.0158978 0.0252851
6 0.219227 0.715636 0.0418339 0.0594981
1 0.149782 0.671756 0.0217544 0.0371857
6 0.68317 0.807114 0.0393243 0.0550365
0 0.296202 0.621926 0.0652604 0.169569
2 0.312099 0.81827 0.0251001 0.0535478
6 0.547208 0.707455 0.0251014 0.043136
0 0.624141 0.122802 0.115547 0.245604
1 0.269428 0.912722 0.0251001 0.0371881
0 0.118406 0.722329 0.0895258 0.141306
0 0.650121 0.743153 0.0200795 0.0490838
0 0.579421 0.855456 0.133033 0.113046
0 0.411247 0.726791 0.138052 0.0847856
6 0.238888 0.938884 0.149767 0.122232
0 0.453499 0.873305 0.0970559 0.223116
1 0.2916 0.0923964 0.0175699 0.0327217
1 0.630458 0.878511 0.0259361 0.0609844
0 0.363555 0.919415 0.0878522 0.160643
0 0.237634 0.126607 0.127177 0.110071
6 0.180279 0.665063 0.0527947 0.107096
-1 0.879372 0.25081 0.235946 0.242454
3 0.658864 0.850249 0.0377344 0.072885
6 0.379452 0.656882 0.111279 0.0966837
0 0.584022 0.764721 0.147257 0.0981701
