6 0.622089 0.618212 0.114622 0.0699025
6 0.397022 0.449384 0.0878522 0.0922222
0 0.51123 0.671757 0.0502015 0.0996589
3 0.136816 0.955848 0.081165 0.087768
4 0.740483 0.22701 0.0585677 0.126433
4 0.441367 0.488801 0.0309581 0.0461111
0 0.340965 0.816038 0.0811595 0.081808
4 0.674385 0.354186 0.0719545 0.0743713
4 0.174464 0.975195 0.0309567 0.0461111
6 0.68066 0.283533 0.0359772 0.0401608
6 0.766839 0.398811 0.0811582 0.107096
3 0.684383 0.775133 0.046938 0.10412
4 0.283233 0.633081 0.046017 0.0699098
3 0.386146 0.623414 0.0845066 0.15172
3 0.281978 0.952883 0.12885 0.0937086
6 0.550973 0.644982 0.0409978 0.0580093
6 0.626693 0.297663 0.0468544 0.0654483
0 0.455173 0.702249 0.0568942 0.181467
4 0.679405 0.487314 0.0451809 0.108584
3 0.714922 0.734972 0.0594874 0.0892471
3 0.585696 0.931446 0.0619147 0.137108
3 0.599083 0.836118 0.0234265 0.0684211
4 0.258969 0.837606 0.0560581 0.0654459
3 0.462703 0.846531 0.0602412 0.0773465
0 0.486548 0.587714 0.114626 0.113046
4 0.238052 0.685143 0.0644243 0.0550365
4 0.378156 0.925365 0.0753851 0.107096
0 0.47107 0.405503 0.0803221 0.200807
