6 0.133466 0.696299 0.0309567 0.0684211
2 0.385309 0.772902 0.0911993 0.153207
0 0.228849 0.714889 0.121319 0.105602
3 0.847997 0.148919 0.139727 0.160646
4 0.32423 0.96417 0.0694449 0.0716594
4 0.709107 0.0268616 0.0393243 0.0537232
6 0.178648 0.761003 0.0175699 0.043136
4 0.959276 0.240397 0.0794846 0.108582
4 0.341383 0.816781 0.0217544 0.0416472
6 0.308334 0.07529 0.079486 0.0937086
6 0.807 0.914209 0.210008 0.171055
6 0.42547 0.935777 0.0794846 0.0981725
6 0.240978 0.778847 0.0903577 0.078845
3 0.755125 0.23891 0.211682 0.20973
3 0.420032 0.105783 0.112116 0.130894
1 0.589879 0.124376 0.0217544 0.0342105
3 0.371086 0.169743 0.0560581 0.121971
3 0.640918 0.139251 0.0619147 0.144281
3 0.879792 0.336337 0.0711184 0.24394
