6 0.729807 0.782903 0.0397903 0.0949391
0 0.395776 0.0652766 0.0732977 0.11914
0 0.450226 0.0614924 0.108901 0.122985
0 0.183734 0.687964 0.0743448 0.132171
0 0.317242 0.674933 0.113088 0.0763231
0 0.361744 0.632119 0.0890063 0.0800463
0 0.435042 0.77918 0.0785334 0.225246
0 0.547608 0.727054 0.0984293 0.0577144
0 0.65965 0.716818 0.104712 0.204771
0 0.692111 0.831304 0.100524 0.161954
0 0.981116 0.0559686 0.0356017 0.111693
0 0.858079 0.866786 0.0743462 0.266428
-1 0.841325 0.282145 0.114137 0.26992
3 0.515147 0.0811001 0.0565447 0.102385
4 0.896823 0.0614888 0.132985 0.122978
6 0.645514 0.928103 0.0429331 0.0800463
6 0.661744 0.0801693 0.0523561 0.0521223
6 0.542373 0.101578 0.0628262 0.0837695
6 0.365409 0.0261233 0.0628276 0.0522466
6 0.212529 0.714022 0.140314 0.221518
6 0.75232 0.923449 0.0534032 0.104247
6 0.74499 0.163008 0.0324616 0.0465375
6 0.825095 0.0801693 0.0335074 0.0595687
0 0.443943 0.668417 0.0670148 0.0968007
6 0.708864 0.942996 0.0523561 0.106109
3 0.287399 0.733572 0.0701563 0.0744639
6 0.638184 0.122054 0.0345559 0.0390936
0 0.336613 0.0857541 0.0722505 0.0744615
-1 0.463121 0.264196 0.049364 0.197831
0 0.435929 0.15264 0.073628 0.206757
0 0.320885 0.0663657 0.0911993 0.123458
0 0.397022 0.0671101 0.148093 0.133869
0 0.263571 0.0708297 0.0401604 0.123458
