1 0.325905 0.845043 0.0259375 0.0446223
4 0.511231 0.62862 0.0870148 0.22163
3 0.775581 0.823475 0.046938 0.212705
6 0.600338 0.581765 0.0309581 0.0505726
6 0.610336 0.05298 0.101323 0.0996589
4 0.0213083 0.290971 0.0377344 0.117507
6 0.788174 0.545323 0.0351412 0.043136
3 0.293232 0.184617 0.0360609 0.0922222
4 0.548882 0.478388 0.0200795 0.0401633
1 0.687772 0.379472 0.0167338 0.0505726
6 0.614143 0.670268 0.0619147 0.0996589
0 0.730443 0.374267 0.108769 0.0847856
6 0.515414 0.523012 0.0719545 0.120482
0 0.283237 0.871072 0.101232 0.0996589
6 0.393258 0.850992 0.0853427 0.113046
4 0.142252 0.125121 0.0870148 0.0713962
0 0.653049 0.407735 0.0711171 0.0624732
4 0.142252 0.0767788 0.0451809 0.0609844
0 0.281978 0.955994 0.133869 0.0880117
6 0.832519 0.479876 0.0619147 0.129405
6 0.564779 0.662831 0.0334663 0.0490838
0 0.603266 0.46872 0.122157 0.0981701
4 0.671874 0.525987 0.0836691 0.0580117
6 0.0246971 0.212136 0.04267 0.034213
4 0.517505 0.0247186 0.0560581 0.043136
2 0.227551 0.931315 0.021838 0.0416496
6 0.448019 0.0186806 0.0578139 0.0373611
4 0.715382 0.546066 0.0686075 0.110071
4 0.618326 0.799676 0.0937089 0.0877583
3 0.124221 0.209161 0.13479 0.105607
6 0.691118 0.710429 0.11379 0.114532
4 0.42045 0.0909089 0.079486 0.0743713
4 0.800724 0.497724 0.0552207 0.0877583
6 0.451408 0.903054 0.0276096 0.0624732
4 0.750524 0.450127 0.0669353 0.0996589
