0 0.0727995 0.536399 0.145599 0.0847856
1 0.860088 0.873304 0.0201645 0.0327242
6 0.813233 0.940982 0.0770587 0.0996589
0 0.911167 0.923878 0.115462 0.148745
0 0.770185 0.941115 0.12634 0.11777
0 0.446387 0.392861 0.0928728 0.0713986
1 0.410368 0.401785 0.0210019 0.0327217
0 0.83963 0.842069 0.12634 0.154693
1 0.716595 0.899335 0.0210005 0.0371881
0 0.883139 0.953757 0.0711184 0.0924854
4 0.281978 0.41889 0.0753029 0.0371857
1 0.00875822 0.529705 0.0159814 0.0594981
6 0.269428 0.454588 0.0669353 0.0669347
6 0.389074 0.430789 0.073628 0.0669347
6 0.337618 0.43302 0.0527111 0.0624732
4 0.791103 0.88223 0.027611 0.0446248
