4 0.258551 0.661344 0.051875 0.0966837
6 0.534658 0.499213 0.0903632 0.0877583
3 0.0167064 0.11694 0.0318777 0.072885
6 0.766002 0.502187 0.0359786 0.043136
3 0.0882854 0.111732 0.0510389 0.107096
3 0.809465 0.562428 0.0410759 0.0951974
4 0.309129 0.705224 0.0829153 0.113046
0 0.168607 0.724563 0.0577316 0.145763
6 0.129702 0.79075 0.0619147 0.072885
2 0.213788 0.795214 0.0359786 0.126433
4 0.713708 0.496981 0.0317941 0.0416472
3 0.496589 0.464258 0.0476919 0.0505726
0 0.481108 0.622671 0.0937048 0.179981
6 0.151037 0.836862 0.024264 0.0461111
0 0.576074 0.319976 0.153113 0.142792
1 0.212533 0.94619 0.0301206 0.0565229
4 0.182412 0.95822 0.0451809 0.0835599
6 0.681915 0.599614 0.0937089 0.142795
4 0.51374 0.365342 0.0334677 0.0580093
3 0.618745 0.483594 0.0845052 0.130897
1 0.581094 0.424096 0.0158964 0.0327242
3 0.336363 0.663576 0.0401604 0.0773465
6 0.211278 0.679193 0.0778111 0.114532
6 0.590716 0.707454 0.162318 0.266252
4 0.760103 0.454589 0.071202 0.162132
4 0.0686205 0.775875 0.0619093 0.111555
0 0.683128 0.443433 0.0912829 0.166594
4 0.445551 0.691836 0.0259375 0.0416496
0 0.553483 0.421865 0.0778111 0.0669371
4 0.758012 0.593665 0.0820792 0.124946
6 0.224247 0.882973 0.0267749 0.0669347
