4 0.508302 0.340056 0.0744655 0.0996589
4 0.672293 0.299895 0.0677714 0.159157
6 0.843814 0.941115 0.0828331 0.11777
1 0.917442 0.926853 0.0259375 0.0237987
0 0.929156 0.953757 0.049364 0.0924854
4 0.570593 0.317745 0.0385718 0.0639596
3 0.466008 0.443433 0.0368983 0.107096
6 0.627949 0.223292 0.0878522 0.0981725
6 0.585696 0.163794 0.0301206 0.0535478
6 0.547208 0.196518 0.0769764 0.0862719
4 0.326741 0.194287 0.114626 0.150231
0 0.321721 0.278327 0.0861787 0.157668
6 0.486548 0.29097 0.117973 0.0669347
6 0.484875 0.255272 0.0409978 0.034213
2 0.650539 0.118426 0.0727919 0.0461111
5 0.0464508 0.175693 0.0928714 0.136845
3 0.191198 0.463514 0.0443448 0.11751
7 0.085357 0.406246 0.0886883 0.163618
4 0.20584 0.338568 0.0435074 0.171055
6 0.236379 0.272377 0.0326316 0.0624732
6 0.14267 0.383935 0.0292845 0.0416472
4 0.238471 0.38096 0.0468544 0.0981725
6 0.13263 0.209161 0.0259375 0.0580093
6 0.0230236 0.445664 0.0443448 0.114535
4 0.254367 0.43674 0.0719559 0.102632
4 0.313773 0.351212 0.0502015 0.0654459
