0 0.730599 0.939578 0.132826 0.120843
1 0.675519 0.908916 0.0226782 0.0479971
0 0.353165 0.775496 0.12527 0.069135
0 0.857619 0.29097 0.150603 0.165107
0 0.596154 0.232959 0.143073 0.188906
0 0.438021 0.458308 0.0594052 0.0981701
4 0.197891 0.375754 0.0493654 0.203779
0 0.748431 0.207674 0.151441 0.236503
6 0.695302 0.33485 0.107096 0.235017
1 0.125515 0.952883 0.0234211 0.0312378
0 0.239307 0.478388 0.107096 0.194856
1 0.326741 0.65242 0.0209169 0.0550341
6 0.400788 0.483594 0.133871 0.193367
1 0.787756 0.12289 0.0326302 0.0520614
0 0.410827 0.294688 0.117134 0.113046
0 0.143925 0.549786 0.0535485 0.102632
0 0.489476 0.382448 0.0451809 0.202293
0 0.371086 0.65465 0.107933 0.0862695
4 0.417522 0.347493 0.120482 0.0788353
6 0.869333 0.559454 0.0886897 0.127919
0 0.820387 0.373523 0.148095 0.0981725
4 0.535076 0.430789 0.122992 0.159157
1 0.382799 0.55053 0.0225905 0.0565229
0 0.332178 0.332618 0.0535444 0.0907334
4 0.862639 0.217342 0.0485266 0.104123
0 0.264408 0.55276 0.143909 0.182956
2 0.459775 0.565404 0.17152 0.14577
6 0.455173 0.662088 0.0836678 0.0922222
0 0.897362 0.155613 0.124666 0.105607
0 0.848834 0.455333 0.13136 0.142795
1 0.601174 0.218829 0.024264 0.0327217
0 0.325487 0.388393 0.112116 0.104111
1 0.902381 0.409965 0.027611 0.043136
1 0.919115 0.348237 0.024264 0.0416496
1 0.325486 0.485082 0.0251001 0.0475999
0 0.627949 0.385423 0.122995 0.368886
0 0.517087 0.247091 0.0535471 0.232042
4 0.881883 0.373523 0.0234265 0.0356969
0 0.808255 0.156357 0.073628 0.124946
