6 0.328833 0.851736 0.0435074 0.0580093
4 0.234287 0.253784 0.0602412 0.197831
4 0.658906 0.935777 0.0376508 0.0475975
4 0.461029 0.973838 0.100403 0.0523246
6 0.815367 0.153382 0.0209169 0.0327242
6 0.652212 0.312538 0.0409978 0.0446223
4 0.688984 0.191311 0.124751 0.0788353
3 0.855486 0.198749 0.0527947 0.093711
6 0.730861 0.13107 0.0560581 0.0684211
4 0.779807 0.0961148 0.0669353 0.0252851
3 0.367321 0.928341 0.0317941 0.0535478
6 0.506629 0.0849586 0.027611 0.0475975
-1 0.425052 0.0559552 0.135543 0.072885
6 0.467723 0.138508 0.0234279 0.0356993
