4 0.429612 0.533423 0.0578152 0.072885
4 0.294529 0.800419 0.150603 0.392685
6 0.56892 0.528218 0.0419189 0.0832968
6 0.850925 0.769928 0.0217544 0.0699098
4 0.734584 0.415915 0.0753851 0.177005
6 0.886066 0.531936 0.163991 0.245426
4 0.707434 0.651675 0.049364 0.0922198
4 0.414551 0.785546 0.0293681 0.13982
4 0.385309 0.566148 0.0644257 0.147256
2 0.245959 0.395835 0.046938 0.0981701
6 0.373596 0.359392 0.0911993 0.108584
6 0.19371 0.369061 0.0660938 0.0922198
1 0.64213 0.277583 0.0243476 0.0282602
4 0.559758 0.697785 0.107096 0.193367
4 0.658488 0.635313 0.0669339 0.116021
0 0.563942 0.327412 0.127177 0.184444
4 0.72877 0.723073 0.0317941 0.050575
6 0.759308 0.708942 0.0376508 0.0550341
6 0.0799184 0.941858 0.0577316 0.116284
0 0.698649 0.319976 0.137218 0.124946
0 0.286957 0.392116 0.108853 0.141308
6 0.270265 0.504418 0.0886897 0.0862719
6 0.759308 0.71043 0.0376508 0.0580093
6 0.459775 0.425584 0.0460184 0.0416496
1 0.510812 0.401042 0.0209169 0.0490863
0 0.418316 0.293945 0.070366 0.11751
6 0.5744 0.4412 0.0610787 0.0818153
3 0.205003 0.552016 0.0451809 0.0743738
0 0.243491 0.274608 0.0937089 0.126433
0 0.62 0.553504 0.113788 0.232042
6 0.385309 0.464257 0.126339 0.0922222
3 0.335485 0.740179 0.0603248 0.0966837
3 0.698649 0.453102 0.055222 0.120482
0 0.461866 0.266427 0.11379 0.110071
6 0.619163 0.374267 0.0786486 0.165107
3 0.694047 0.0507481 0.0911993 0.0981725
0 0.348035 0.26494 0.0904454 0.154695
6 0.314568 0.563917 0.0670189 0.10412
