1 0.819132 0.859917 0.0234279 0.0356969
6 0.825825 0.717867 0.0251014 0.093711
4 0.62 0.140738 0.0686075 0.081808
1 0.117987 0.963294 0.0284471 0.0312378
0 0.182831 0.937265 0.109607 0.118994
0 0.740483 0.908263 0.0619147 0.153212
4 0.554738 0.200236 0.0753015 0.159157
1 0.722076 0.962551 0.0251001 0.0416472
6 0.780644 0.752077 0.0920354 0.194856
5 0.887322 0.775134 0.0828317 0.113046
3 0.507427 0.195033 0.0578084 0.113053
4 0.397441 0.897847 0.0786486 0.203779
6 0.558921 0.916572 0.145584 0.166857
0 0.24349 0.953621 0.110443 0.092232
6 0.340965 0.973707 0.109605 0.0490863
3 0.89481 0.906771 0.0176549 0.105609
3 0.0221875 0.391372 0.0376508 0.0862719
1 0.287417 0.925365 0.024264 0.0416472
0 0.120916 0.973095 0.0426713 0.0538109
1 0.261479 0.906028 0.0225905 0.0267739
4 0.752573 0.967145 0.0695285 0.0657091
6 0.736676 0.17495 0.0243476 0.0550365
-1 0.425846 0.451613 0.12726 0.352524
