3 0.548464 0.0909101 0.0543873 0.0684235
0 0.787339 0.166769 0.0619175 0.15172
4 0.591134 0.557222 0.0460184 0.0788353
1 0.1958 0.76249 0.0200809 0.0401608
0 0.806163 0.21957 0.0460184 0.0996662
4 0.519598 0.563173 0.102076 0.105609
2 0.714127 0.142226 0.097892 0.185928
0 0.578583 0.404759 0.0543846 0.133869
3 0.399115 0.600358 0.0435088 0.0580117
0 0.685261 0.0351304 0.0619147 0.0609868
4 0.813274 0.18908 0.051875 0.0743738
6 0.520853 0.453101 0.0744655 0.0966837
0 0.304987 0.672499 0.12132 0.136845
0 0.439694 0.62862 0.134707 0.102634
0 0.604521 0.0328996 0.0510376 0.0594981
3 0.839212 0.340056 0.0451809 0.102632
2 0.380707 0.650932 0.0217544 0.043136
0 0.631295 0.51855 0.097892 0.147256
6 0.477345 0.269403 0.0627522 0.199318
4 0.225502 0.732741 0.0878522 0.0877583
0 0.495292 0.311798 0.0619984 0.191871
4 0.33469 0.723073 0.0970546 0.107096
0 0.583144 0.104297 0.10216 0.0565229
4 0.252695 0.73274 0.0184073 0.043136
3 0.596154 0.214366 0.0711184 0.113046
0 0.533821 0.179412 0.0719545 0.0907334
4 0.598246 0.574329 0.0234279 0.0356993
