1 0.0841016 0.770671 0.0175699 0.0416496
6 0.456009 0.656881 0.0719559 0.11751
0 0.416266 0.0432237 0.109605 0.0864474
0 0.563942 0.0767788 0.0669353 0.144284
4 0.886485 0.115452 0.0627508 0.197829
0 0.815785 0.187593 0.0669339 0.166594
6 0.775202 0.0596735 0.0727865 0.118996
4 0.326741 0.698534 0.024264 0.0312451
0 0.294947 0.784803 0.0845052 0.206754
6 0.208769 0.738692 0.0644257 0.0609844
6 0.504537 0.733484 0.0702823 0.101145
1 0.821223 0.0195127 0.0225918 0.0327242
0 0.130538 0.735715 0.110443 0.117507
6 0.316701 0.0187683 0.0292845 0.0371857
0 0.0390913 0.527395 0.0649507 0.212018
