3 0.777279 0.0193324 0.0376192 0.0386647
0 0.0168969 0.947541 0.0337939 0.0941764
0 0.0475254 0.961827 0.0690968 0.076345
1 0.0708772 0.991428 0.0204742 0.0171442
4 0.14522 0.945279 0.0934087 0.109442
-1 0.457071 0.782148 0.109515 0.355071
3 0.127442 0.55813 0.0950768 0.155266
6 0.331415 0.385664 0.132666 0.260417
6 0.156187 0.259878 0.1194 0.16018
6 0.0652563 0.349797 0.0613569 0.20047
-1 0.195058 0.481552 0.109083 0.162076
3 0.771636 0.719868 0.0391543 0.132393
3 0.527194 0.0661927 0.103279 0.129885
0 0.555501 0.330994 0.141912 0.112885
1 0.615746 0.304814 0.0198917 0.0448806
0 0.516676 0.407836 0.154535 0.109483
1 0.452604 0.435378 0.0218037 0.0557602
0 0.390255 0.49386 0.125847 0.156404
-1 0.337085 0.548941 0.0187431 0.0421613
0 0.669375 0.398112 0.0573766 0.167286
6 0.487636 0.51164 0.135502 0.1273
6 0.491813 0.314538 0.0895079 0.191767
3 0.604271 0.261005 0.0532456 0.0481457
-1 0.303348 0.190909 0.0546998 0.157086
6 0.706421 0.569514 0.168 0.344691
3 0.65771 0.857331 0.076494 0.129881
3 0.61984 0.906294 0.0742078 0.0795614
6 0.100024 0.380815 0.0694038 0.120446
6 0.0192804 0.457593 0.0382511 0.0816033
3 0.546932 0.563902 0.057759 0.156406
6 0.291184 0.613883 0.0531689 0.088404
