1 0.227355 0.457751 0.0140392 0.0364766
0 0.266774 0.470227 0.0928687 0.0729483
1 0.937523 0.465744 0.0209169 0.0505726
1 0.783573 0.234447 0.027611 0.0461111
0 0.679823 0.324438 0.0995669 0.208243
1 0.908657 0.618208 0.0451809 0.034213
0 0.322976 0.406991 0.0451809 0.153207
7 0.579421 0.592177 0.10626 0.0981701
6 0.553065 0.711173 0.0351412 0.0565229
0 0.25897 0.489544 0.0845052 0.29154
0 0.200818 0.50888 0.0552179 0.205266
6 0.845069 0.702993 0.0234265 0.043136
6 0.281978 0.618208 0.0502015 0.191879
6 0.341801 0.574329 0.0744655 0.101148
0 0.557669 0.387654 0.0677755 0.0609844
6 0.525036 0.624158 0.0677714 0.117507
1 0.185343 0.595158 0.0259416 0.0297612
6 0.599082 0.393605 0.0502015 0.0699098
4 0.865571 0.647214 0.0292777 0.0356993
0 0.874771 0.411453 0.141401 0.162132
0 0.346403 0.509625 0.155624 0.185931
1 0.238471 0.612259 0.0351412 0.0461111
0 0.534656 0.502931 0.0870203 0.116019
2 0.457682 0.589202 0.0669271 0.0773465
0 0.860966 0.313281 0.17905 0.20973
0 0.815785 0.505163 0.0669339 0.293026
0 0.64761 0.480619 0.0435074 0.113046
1 0.80449 0.633826 0.0376508 0.0386745
0 0.427144 0.497725 0.097892 0.0580093
0 0.735881 0.324438 0.0560581 0.121971
0 0.779807 0.378729 0.0502015 0.224603
0 0.504119 0.540117 0.101239 0.130897
2 0.909076 0.563916 0.0460184 0.14577
0 0.619163 0.539374 0.155624 0.206754
0 0.454336 0.424096 0.122156 0.0981725
0 0.360209 0.448639 0.0426713 0.0818104
1 0.403716 0.430789 0.024264 0.0520614
0 0.707434 0.459052 0.10626 0.206754
1 0.68568 0.623414 0.0242626 0.0386745
6 0.431745 0.60259 0.0686088 0.0535478
0 0.866404 0.54458 0.0543846 0.23799
