6 0.504119 0.020999 0.0376508 0.0416472
0 0.546371 0.833888 0.140563 0.117507
0 0.388237 0.754309 0.0669353 0.136845
4 0.48613 0.861405 0.0200809 0.0416496
6 0.569799 0.760258 0.120482 0.113046
3 0.329209 0.102808 0.0327138 0.124944
4 0.608705 0.115452 0.0594052 0.105607
3 0.5242 0.0611611 0.0828317 0.0624732
4 0.675221 0.152639 0.0803221 0.126433
3 0.471907 0.876279 0.051875 0.0535478
4 0.401206 0.0351304 0.0828317 0.0699098
-1 0.294947 0.816038 0.16148 0.147256
4 0.369413 0.795213 0.0577316 0.0580093
4 0.817834 0.134045 0.0661815 0.0386745
