6 0.61498 0.247834 0.0987294 0.120482
4 0.91535 0.881485 0.0552207 0.162132
4 0.448438 0.481363 0.0770587 0.171055
-1 0.559758 0.155614 0.0552207 0.072885
5 0.238052 0.438971 0.0828317 0.116021
4 0.679823 0.276095 0.0845052 0.117507
6 0.45099 0.335593 0.0819956 0.105607
1 0.697812 0.125121 0.0234279 0.0356993
3 0.884393 0.956732 0.0602412 0.0865351
6 0.923718 0.774394 0.0284471 0.120475
0 0.649284 0.0990899 0.110443 0.0877607
4 0.527127 0.340056 0.0635883 0.0788353
0 0.553065 0.082729 0.048528 0.153207
3 0.860548 0.784057 0.0694449 0.107096
4 0.696515 0.40997 0.071202 0.0788426
3 0.149363 0.4888 0.0594038 0.108584
3 0.808256 0.860664 0.0535458 0.0818056
6 0.0744799 0.513343 0.0920354 0.113046
4 0.769307 0.317 0.0645079 0.0951949
