6 0.719796 0.0997003 0.104752 0.11135
1 0.971416 0.175535 0.0248383 0.0287987
0 0.977355 0.121779 0.0410376 0.128631
0 0.384472 0.307333 0.124666 0.0699098
0 0.648866 0.203955 0.129686 0.116019
6 0.542187 0.298408 0.0819956 0.132381
0 0.72626 0.139251 0.0970559 0.144281
1 0.761819 0.183131 0.0259375 0.0446248
6 0.678983 0.273867 0.0694518 0.023806
6 0.9279 0.316257 0.0635883 0.16808
1 0.598664 0.182387 0.0209169 0.0550365
6 0.803653 0.247835 0.0393243 0.0490863
6 0.607031 0.311051 0.0744655 0.0446223
4 0.437602 0.318488 0.0150617 0.0356993
6 0.901127 0.222548 0.0702823 0.0312354
6 0.739646 0.284278 0.0418339 0.0624732
0 0.48613 0.297663 0.0886883 0.0803216
