0 0.266081 0.948551 0.0451809 0.102897
1 0.470651 0.20693 0.0192434 0.0327242
0 0.333811 0.877767 0.0670189 0.0713962
6 0.865567 0.180156 0.0409978 0.0951949
-1 0.645937 0.427071 0.140563 0.333187
6 0.604521 0.139251 0.0845052 0.102634
4 0.654722 0.209162 0.0828331 0.0937086
3 0.701577 0.569866 0.0660979 0.107096
0 0.072807 0.912853 0.0736294 0.174293
6 0.115059 0.911977 0.049364 0.116021
6 0.671038 0.269403 0.0435074 0.0594981
6 0.934176 0.176438 0.128013 0.227578
0 0.919533 0.393604 0.0284471 0.135356
4 0.643008 0.27907 0.0225905 0.0371857
3 0.444714 0.496238 0.0594052 0.102632
3 0.878913 0.618952 0.0946299 0.15172
3 0.397023 0.128095 0.0376508 0.0922222
6 0.412083 0.198749 0.0527111 0.0580093
4 0.219227 0.877022 0.0234265 0.0669347
-1 0.159822 0.740178 0.11881 0.218655
0 0.813693 0.148176 0.138052 0.108584
1 0.876444 0.134788 0.0225891 0.0342105
4 0.817458 0.523012 0.0836691 0.17403
6 0.718729 0.440458 0.0686088 0.154693
6 0.12464 0.86438 0.0703646 0.211216
6 0.646774 0.146689 0.0418339 0.0520614
0 0.158149 0.921034 0.107096 0.157931
1 0.258551 0.293945 0.0284485 0.0520614
4 0.40702 0.978913 0.0210033 0.0416472
6 0.556412 0.0604167 0.0619161 0.102632
0 0.348495 0.944702 0.136379 0.110071
0 0.452244 0.184619 0.0560581 0.0713962
3 0.806582 0.688862 0.051875 0.187417
