1 0.0280434 0.136276 0.024264 0.0371857
7 0.315028 0.781827 0.102913 0.0996589
6 0.34724 0.802651 0.0418339 0.0520614
5 0.0912137 0.792239 0.0903632 0.153207
6 0.510393 0.731385 0.187418 0.209993
4 0.128028 0.936652 0.0970559 0.126696
6 0.46354 0.647957 0.0401604 0.0401633
6 0.609958 0.632346 0.0451891 0.0951998
6 0.398278 0.835375 0.0552207 0.0609844
0 0.00795573 0.0842166 0.0159115 0.150231
0 0.192035 0.0656226 0.0577316 0.0803241
2 0.115896 0.0663657 0.0727919 0.117507
6 0.217135 0.792239 0.0794846 0.105609
6 0.433418 0.702992 0.051875 0.0580117
6 0.229267 0.900079 0.051875 0.0773465
6 0.262734 0.871073 0.048528 0.0818104
6 0.39535 0.766209 0.0761376 0.0862719
2 0.0439405 0.126603 0.0594052 0.0386842
6 0.18032 0.874048 0.0543819 0.0788328
6 0.240563 0.726791 0.0845052 0.165107
0 0.167773 0.0626474 0.0945518 0.116021
6 0.283652 0.0366179 0.073628 0.072885
4 0.605358 0.669525 0.0242626 0.0713986
6 0.147272 0.820501 0.0368133 0.0699098
4 0.719566 0.655394 0.13889 0.230553
6 0.308334 0.871818 0.0326302 0.0862719
6 0.194544 0.933545 0.0309581 0.0520614
