4 0.455591 0.0662792 0.0192434 0.132558
4 0.214206 0.507394 0.0301206 0.0446223
6 0.594899 0.744641 0.152277 0.236503
4 0.722076 0.817524 0.169012 0.239479
3 0.895689 0.882973 0.0510376 0.16213
6 0.379034 0.695554 0.0602412 0.111557
0 0.30415 0.575815 0.14642 0.110071
0 0.681078 0.402528 0.115462 0.197829
1 0.502821 0.583254 0.018491 0.029749
6 0.525454 0.32221 0.112116 0.144274
4 0.933339 0.700017 0.0409978 0.105609
0 0.290345 0.463514 0.100403 0.126433
4 0.629203 0.331875 0.0585677 0.223116
6 0.630835 0.0611598 0.0268572 0.118996
5 0.477763 0.390629 0.0686075 0.165107
1 0.370249 0.604077 0.024264 0.0475975
0 0.326741 0.370548 0.0510376 0.113046
5 0.551392 0.402528 0.0987294 0.117507
4 0.637989 0.491031 0.0259375 0.0475975
4 0.286998 0.749846 0.100403 0.184444
6 0.713667 0.655394 0.103834 0.156182
6 0.822897 0.933545 0.0911993 0.132383
1 0.345984 0.528212 0.0209156 0.0386842
0 0.392839 0.389885 0.0443435 0.113046
4 0.141417 0.597384 0.0384923 0.117507
4 0.540515 0.495493 0.103749 0.190392
3 0.407858 0.805625 0.0394079 0.0699098
3 0.64008 0.430789 0.0418353 0.111559
4 0.305824 0.292459 0.0911979 0.147256
0 0.39242 0.462021 0.108771 0.156172
4 0.153128 0.700018 0.140563 0.182956
4 0.138905 0.46277 0.0719545 0.187417
6 0.157315 0.61523 0.0351343 0.0966886
6 0.935431 0.624157 0.0502015 0.0788353
0 0.526709 0.597383 0.0677714 0.0609844
1 0.650539 0.23891 0.0259375 0.034213
3 0.371504 0.767695 0.0468544 0.0862719
4 0.21588 0.391373 0.0870148 0.130894
4 0.449692 0.741665 0.0561417 0.102634
4 0.254367 0.433765 0.110443 0.194854
