4 0.0870306 0.395091 0.102076 0.0728826
4 0.47358 0.265683 0.0719545 0.108584
6 0.140578 0.409966 0.0200795 0.0371881
4 0.689026 0.194286 0.0543846 0.081808
4 0.370249 0.236679 0.0644257 0.101145
4 0.0523081 0.500701 0.0744655 0.150231
6 0.646356 0.909878 0.106258 0.180244
6 0.781898 0.971607 0.0560581 0.0567861
4 0.781899 0.811575 0.0426713 0.052059
6 0.845069 0.813806 0.112116 0.199318
4 0.0205064 0.40476 0.0410129 0.142795
6 0.584441 0.95437 0.0276096 0.034213
4 0.298712 0.31477 0.0418353 0.052059
6 0.174882 0.373523 0.051875 0.0951949
