0 0.888577 0.297664 0.132197 0.0981701
0 0.247674 0.92016 0.0451809 0.156182
4 0.572685 0.321463 0.0193284 0.0505726
6 0.172793 0.895616 0.0476974 0.113046
0 0.215462 0.952883 0.0292845 0.0937086
0 0.232988 0.320721 0.106338 0.0669298
0 0.147648 0.973706 0.111362 0.0520614
1 0.938359 0.287251 0.0343037 0.0594981
6 0.820387 0.246346 0.0911979 0.135358
0 0.62958 0.31477 0.133118 0.0758601
4 0.193289 0.982019 0.0184073 0.0359625
1 0.0385026 0.987837 0.021753 0.0237987
0 0.357698 0.931446 0.0543846 0.137108
6 0.747177 0.310307 0.0786486 0.072885
0 0.568544 0.267915 0.144746 0.175519
