0 0.294529 0.0626474 0.0334677 0.0892471
6 0.548463 0.964783 0.0209169 0.0520614
6 0.153965 0.106528 0.0251014 0.0520614
3 0.481531 0.0366179 0.0677769 0.0609844
1 0.295784 0.0901657 0.0259375 0.0371881
6 0.39786 0.0410807 0.0962185 0.0758601
0 0.0577467 0.0693409 0.112116 0.102634
0 0.243491 0.0552096 0.0535471 0.0803216
4 0.18827 0.0685977 0.0418353 0.0356993
3 0.631295 0.789264 0.0677714 0.0907359
-1 0.818713 0.670268 0.0962198 0.081808
6 0.204166 0.118427 0.0284471 0.0877607
0 0.251021 0.0953704 0.0769874 0.104142
1 0.222992 0.122889 0.0192434 0.043136
1 0.223411 0.0842154 0.0167338 0.0312378
