6 0.414175 0.337825 0.0602412 0.116021
0 0.613307 0.414427 0.0870162 0.0996589
6 0.563105 0.0262049 0.0970546 0.0490863
5 0.148527 0.441946 0.0828317 0.107098
4 0.402461 0.441202 0.0568928 0.0907334
6 0.258551 0.435252 0.0368147 0.093711
6 0.466468 0.63457 0.0343037 0.0847831
0 0.426726 0.386167 0.0451809 0.0847856
3 0.62502 0.547554 0.0652618 0.172544
6 0.776878 0.52673 0.158135 0.205268
4 0.595594 0.59901 0.1147 0.178526
4 0.751384 0.48346 0.0925891 0.132666
3 0.617106 0.502705 0.0497492 0.0630556
6 0.643592 0.464215 0.044682 0.0565058
6 0.467397 0.353252 0.132664 0.178526
4 0.533039 0.403616 0.043761 0.084347
6 0.567438 0.405298 0.0375877 0.0530775
3 0.430151 0.446056 0.0274575 0.0919371
6 0.367512 0.445952 0.0383868 0.0562987
3 0.173658 0.413819 0.0697368 0.0534576
5 0.0551384 0.363492 0.0822122 0.0710867
3 0.0614083 0.287456 0.028151 0.0767739
3 0.0933978 0.307929 0.0390269 0.050614
3 0.108912 0.371908 0.0355085 0.063694
3 0.0350171 0.319019 0.0393462 0.0887159
