4 0.46605 0.677705 0.0418339 0.0996589
6 0.694465 0.778108 0.118809 0.169569
4 0.468978 0.169743 0.0510376 0.116021
1 0.135558 0.662831 0.0234265 0.0490838
6 0.416266 0.760258 0.112952 0.0981725
6 0.528801 0.226267 0.0368147 0.0743713
3 0.9028 0.291714 0.0435088 0.148745
4 0.454755 0.0566106 0.0828317 0.113221
4 0.862639 0.919415 0.0853413 0.0386745
0 0.210023 0.708942 0.0635883 0.16808
0 0.301222 0.607796 0.0686088 0.0847831
0 0.285325 0.511111 0.115463 0.0996589
6 0.604522 0.883717 0.176541 0.229067
3 0.509139 0.731998 0.0811582 0.0922222
1 0.229685 0.775877 0.0292832 0.0401608
0 0.176974 0.637545 0.104586 0.102634
6 0.412499 0.827939 0.0669394 0.153207
3 0.777297 0.0871905 0.0702823 0.072885
6 0.68773 0.223291 0.073713 0.116021
3 0.360627 0.603333 0.0435074 0.0669347
4 0.625815 0.175693 0.0385704 0.145768
6 0.753033 0.907516 0.0418339 0.0832968
4 0.607031 0.116938 0.12634 0.043136
3 0.369831 0.687375 0.0468544 0.110071
1 0.336363 0.781827 0.021753 0.0401608
4 0.299549 0.0409917 0.0669353 0.0819834
6 0.484875 0.862892 0.124667 0.169566
1 0.332179 0.542348 0.0234265 0.043136
0 0.308334 0.700017 0.0778111 0.206754
2 0.379034 0.802651 0.051875 0.0758577
3 0.558922 0.05298 0.0953824 0.105609
6 0.767675 0.842812 0.0794846 0.0937086
