4 0.143507 0.94409 0.0594038 0.11182
4 0.697812 0.359393 0.130522 0.0520614
6 0.465213 0.213623 0.0317941 0.0520614
4 0.872261 0.143713 0.0543846 0.063962
3 0.226757 0.296177 0.0284485 0.101145
1 0.23596 0.187593 0.0200809 0.0386745
0 0.184923 0.926853 0.0435074 0.142795
0 0.0728063 0.980532 0.0568956 0.0389352
-1 0.343056 0.947064 0.095381 0.105872
3 0.852181 0.423353 0.064423 0.072885
0 0.280305 0.204698 0.107096 0.0788353
6 0.510812 0.157844 0.0393243 0.0475975
4 0.506169 0.282789 0.095466 0.10412
6 0.174882 0.792982 0.0903618 0.101145
