0 0.500574 0.802364 0.12635 0.0844737
0 0.849383 0.900222 0.0550713 0.199557
0 0.468719 0.675654 0.0712788 0.157429
0 0.320765 0.637258 0.0540022 0.126708
0 0.252735 0.671814 0.0863912 0.107512
1 0.55673 0.809084 0.0205181 0.0441569
1 0.44388 0.613259 0.0172834 0.0326389
1 0.288371 0.637256 0.0151192 0.0422368
6 0.446578 0.0594493 0.0680345 0.118899
6 0.813209 0.0651389 0.0388775 0.0383869
6 0.518932 0.655496 0.0939529 0.128628
6 0.227357 0.759168 0.0658717 0.151669
6 0.433079 0.696771 0.0323972 0.0844737
1 0.477763 0.626389 0.0267736 0.0475975
0 0.442204 0.644239 0.0744655 0.0356993
0 0.540514 0.634572 0.143912 0.0996662
0 0.857201 0.658369 0.151441 0.117507
6 0.431327 0.588459 0.102913 0.159154
6 0.182833 0.621918 0.138062 0.169566
