4 0.360209 0.409966 0.0510376 0.081808
3 0.310008 0.981276 0.0610787 0.0374488
4 0.170704 0.961059 0.0485321 0.0446321
3 0.689027 0.438227 0.104586 0.0788328
6 0.294947 0.22701 0.0694449 0.102632
3 0.803235 0.476901 0.0819956 0.0669347
1 0.282815 0.100571 0.0200795 0.019325
0 0.269428 0.302126 0.108769 0.0951974
1 0.368157 0.980401 0.0200809 0.029749
6 0.804489 0.39881 0.109607 0.133872
1 0.314191 0.328157 0.024264 0.034213
4 0.254367 0.960319 0.0619147 0.072885
-1 0.914095 0.504419 0.143073 0.136845
0 0.264408 0.177925 0.0786486 0.182956
3 0.62205 0.471695 0.0511225 0.0654459
6 0.156475 0.983506 0.0585677 0.0329873
6 0.202493 0.955115 0.0251014 0.0327242
