6 0.142251 0.80042 0.0953824 0.121971
6 0.537168 0.0871905 0.0920354 0.111559
0 0.333853 0.0395919 0.0803207 0.0639596
1 0.724586 0.0328984 0.0267736 0.0446223
6 0.0916324 0.842069 0.049364 0.0803216
4 0.411665 0.0477729 0.0652618 0.0475975
0 0.368994 0.124376 0.0401617 0.072885
0 0.260643 0.0604167 0.0794846 0.11751
6 0.458519 0.0596735 0.0284471 0.0475975
6 0.235961 0.808601 0.0267736 0.0937086
6 0.349333 0.809345 0.111276 0.142792
0 0.837539 0.0543787 0.0619147 0.108757
2 0.151037 0.93429 0.0694449 0.118994
0 0.760981 0.061903 0.097892 0.0996589
6 0.441786 0.775133 0.0602412 0.0832968
6 0.663507 0.945576 0.0753015 0.108847
0 0.573564 0.0507481 0.0476919 0.101145
0 0.654722 0.0514912 0.0911993 0.0996589
1 0.174045 0.891897 0.0317941 0.0312354
1 0.302059 0.862892 0.0167338 0.0356969
0 0.606195 0.920903 0.0409978 0.0832968
6 0.338455 0.903053 0.0527111 0.0951949
1 0.618745 0.085703 0.0175699 0.0282627
6 0.255622 0.868098 0.0895258 0.0580093
6 0.831264 0.117684 0.119646 0.0892471
0 0.840468 0.411453 0.0711198 0.245426
