0 0.340546 0.50888 0.115462 0.142795
0 0.174278 0.466347 0.158002 0.116754
6 0.0757648 0.694783 0.0504468 0.0761452
6 0.689026 0.540117 0.027611 0.0743713
0 0.321303 0.430046 0.132197 0.113046
0 0.028602 0.506112 0.0572039 0.233511
4 0.330851 0.580565 0.082807 0.104912
1 0.286592 0.691399 0.0323616 0.0490692
6 0.26232 0.598332 0.0847122 0.0930677
6 0.906565 0.91049 0.0995669 0.172544
4 0.667794 0.425737 0.0675781 0.0795297
0 0.101939 0.823383 0.0437829 0.123526
0 0.491151 0.468721 0.0468544 0.113046
4 0.550243 0.429967 0.0628221 0.155675
6 0.457918 0.594948 0.0590132 0.0626096
1 0.123831 0.569566 0.0247478 0.0423051
1 0.176974 0.682167 0.0292832 0.043136
4 0.775825 0.446888 0.112314 0.128601
6 0.784827 0.915697 0.0736294 0.16808
1 0.246137 0.495112 0.0237897 0.0456871
0 0.0838514 0.619485 0.104693 0.155675
7 0.86515 0.848018 0.0920326 0.118994
1 0.379034 0.395836 0.0217544 0.0475975
4 0.199146 0.943214 0.0903618 0.113046
