6 0.320842 0.364599 0.071202 0.0565229
3 0.907402 0.589946 0.112954 0.16213
6 0.404553 0.362368 0.104586 0.159157
6 0.193708 0.364598 0.0794846 0.133869
1 0.382799 0.46054 0.024264 0.0371857
6 0.535494 0.456077 0.11379 0.16808
3 0.305782 0.446408 0.0343873 0.163621
6 0.705343 0.560197 0.0786486 0.0996589
6 0.323771 0.306589 0.0586513 0.0446248
0 0.472325 0.415172 0.0594052 0.196343
3 0.378992 0.433769 0.123913 0.0907456
6 0.326281 0.413684 0.0335513 0.0684211
6 0.267294 0.350469 0.0879359 0.102634
6 0.599082 0.509624 0.0401604 0.0758601
6 0.453876 0.334849 0.0276946 0.0594981
6 0.665599 0.552016 0.0309567 0.0624732
