3 0.321303 0.882973 0.0920354 0.147256
4 0.0727652 0.115452 0.0603248 0.108584
3 0.0263699 0.108015 0.0426713 0.108584
3 0.179903 0.0143056 0.0384868 0.0223099
6 0.504537 0.663576 0.0351412 0.029749
3 0.033859 0.232959 0.0310403 0.144281
4 0.633387 0.334106 0.0435088 0.0996589
-1 0.497425 0.482106 0.12132 0.24394
6 0.662671 0.537142 0.0686088 0.124946
-1 0.714128 0.737204 0.10626 0.224603
6 0.476092 0.716379 0.0401672 0.0669347
4 0.158986 0.859173 0.120482 0.0966837
4 0.126773 0.802649 0.0962185 0.138338
4 0.811559 0.583996 0.1122 0.200804
6 0.306242 0.758771 0.105422 0.148745
4 0.442622 0.627133 0.0368147 0.0699098
4 0.501608 0.717122 0.024264 0.0446248
4 0.241398 0.0826401 0.0443421 0.16528
5 0.409992 0.737204 0.0870148 0.117507
6 0.77395 0.330387 0.123829 0.193367
3 0.108324 0.170487 0.0912829 0.215677
6 0.586951 0.577304 0.0878522 0.148745
4 0.137232 0.931315 0.0953824 0.0922198
