6 0.461621 0.940651 0.100432 0.11135
0 0.776417 0.287902 0.0799137 0.0806335
3 0.706222 0.246626 0.0799137 0.105592
6 0.395746 0.292702 0.0745134 0.209264
6 0.763997 0.348377 0.0464364 0.0403168
6 0.589051 0.230307 0.109072 0.168947
0 0.418424 0.938648 0.0788336 0.122705
1 0.388263 0.892596 0.0183594 0.0307188
4 0.675182 0.249324 0.167415 0.409052
0 0.7158 0.261222 0.112952 0.0639596
6 0.453918 0.230729 0.0811582 0.104123
0 0.255626 0.117684 0.044338 0.116021
5 0.315445 0.173462 0.120482 0.212705
6 0.875608 0.984251 0.0911993 0.0314985
6 0.211278 0.216597 0.0627508 0.182956
6 0.35979 0.288739 0.127177 0.175519
6 0.151455 0.961938 0.110443 0.0761233
6 0.243909 0.238166 0.0677714 0.151718
6 0.610796 0.183131 0.102075 0.127919
0 0.864731 0.237423 0.0644257 0.0966837
0 0.575655 0.259733 0.135543 0.0699098
6 0.749687 0.254529 0.125503 0.0832968
0 0.805744 0.189825 0.133871 0.0877583
1 0.51918 0.265679 0.024264 0.0461233
6 0.920371 0.209161 0.070281 0.165105
