6 0.957379 0.0593799 0.083151 0.0960015
4 0.461697 0.823477 0.0680345 0.12288
0 0.343056 0.025374 0.0652604 0.0507481
6 0.391166 0.883717 0.0225905 0.0416496
1 0.382381 0.699273 0.0234265 0.0505726
6 0.732953 0.931315 0.0502015 0.0922198
0 0.530893 0.69258 0.0610787 0.105609
6 0.446385 0.0262049 0.052707 0.043136
6 0.232614 0.0320675 0.0384868 0.064135
4 0.499057 0.0172807 0.0695285 0.0282602
2 0.143506 0.676962 0.0259375 0.0803216
6 0.189942 0.605565 0.0267736 0.0654483
0 0.3372 0.746871 0.115463 0.133869
0 0.398696 0.0223989 0.0610787 0.0447978
1 0.267754 0.574329 0.0200809 0.038672
0 0.427145 0.76026 0.114624 0.10412
6 0.822478 0.845043 0.0418339 0.029749
0 0.214625 0.665807 0.128014 0.212705
0 0.47814 0.771412 0.124751 0.0728923
