0 0.650539 0.0195127 0.0644243 0.0327242
-1 0.712035 0.175693 0.0886897 0.151718
4 0.525873 0.0968592 0.0259375 0.0624708
3 0.794449 0.0953716 0.0660992 0.0624732
4 0.818295 0.135532 0.0719545 0.0773465
0 0.559298 0.0476852 0.0611623 0.0953704
1 0.63004 0.0239742 0.0200809 0.0356969
3 0.850926 0.357906 0.133869 0.444744
-1 0.265245 0.293202 0.108771 0.327237
-1 0.649702 0.130327 0.0861774 0.072885
-1 0.603684 0.855456 0.156461 0.220141
-1 0.720402 0.927728 0.127175 0.144544
6 0.131375 0.689605 0.0334677 0.0580117
3 0.42547 0.903794 0.094545 0.0728899
3 0.636315 0.948551 0.109607 0.102897
