0 0.564319 0.719354 0.118056 0.0907359
6 0.674385 0.700761 0.0284485 0.0416496
6 0.438857 0.929084 0.0309567 0.0461111
6 0.176138 0.778851 0.0627522 0.102634
6 0.116732 0.967145 0.0627522 0.0657091
6 0.530892 0.886691 0.0409978 0.0862719
1 0.614561 0.733484 0.0209183 0.0475975
6 0.471907 0.687373 0.0970559 0.178494
1 0.225502 0.981144 0.0225905 0.034213
4 0.328833 0.95139 0.0317941 0.0431262
0 0.335903 0.877027 0.0661815 0.206764
4 0.435511 0.0663657 0.114626 0.123458
0 0.261062 0.915084 0.0953824 0.169832
6 0.415012 0.839094 0.0401604 0.0743713
0 0.247256 0.81232 0.12634 0.133869
0 0.420032 0.768439 0.105422 0.182956
6 0.389074 0.878511 0.0251001 0.0401608
5 0.333853 0.717122 0.0903618 0.166594
6 0.143089 0.900822 0.125503 0.114535
6 0.527546 0.798188 0.0376521 0.0580093
6 0.573145 0.851737 0.0317941 0.0461111
0 0.187852 0.944702 0.0727919 0.110071
