6 0.477895 0.253288 0.0313172 0.034559
0 0.416685 0.300638 0.103749 0.101145
0 0.523363 0.269402 0.10626 0.0981701
0 0.246001 0.3289 0.0401617 0.0922198
1 0.591971 0.189825 0.0175713 0.0461111
6 0.807836 0.31105 0.0527111 0.0862719
0 0.489058 0.420378 0.143073 0.0996589
0 0.324231 0.413684 0.0577303 0.0981725
0 0.216717 0.167512 0.0485266 0.206754
0 0.395766 0.421865 0.0736321 0.0788328
0 0.225084 0.556479 0.0451809 0.237992
0 0.298712 0.350468 0.0451809 0.212705
0 0.266918 0.416659 0.0518736 0.0892446
0 0.514996 0.358649 0.116299 0.0832968
6 0.620837 0.364599 0.0619147 0.0951974
1 0.481947 0.239654 0.0200809 0.0327242
0 0.577329 0.229985 0.0769751 0.126433
0 0.445551 0.337824 0.138054 0.0922222
6 0.202911 0.497724 0.0594052 0.126433
0 0.208768 0.348236 0.049364 0.172544
4 0.235542 0.404016 0.0845052 0.111559
2 0.676061 0.22106 0.200811 0.224605
