0 0.26692 0.695556 0.0619106 0.132383
0 0.445132 0.679938 0.120484 0.0832968
0 0.230104 0.787777 0.0418339 0.123458
1 0.714546 0.066367 0.018406 0.0461111
0 0.745922 0.925364 0.0878522 0.148745
1 0.498681 0.673243 0.0167338 0.0342105
0 0.771441 0.0574415 0.133871 0.072885
1 0.22592 0.839094 0.021753 0.0267739
0 0.285325 0.815294 0.0753015 0.163618
1 0.245166 0.639035 0.0167297 0.0282651
1 0.261898 0.876279 0.0301206 0.0416472
0 0.669896 0.467655 0.116543 0.0720638
1 0.712535 0.480698 0.0210595 0.0388621
3 0.78651 0.473589 0.0378536 0.069191
