4 0.789429 0.850993 0.0577316 0.0862695
1 0.378198 0.139251 0.0368147 0.0580093
0 0.411663 0.256759 0.0686116 0.227578
4 0.850088 0.108014 0.110443 0.126433
3 0.613307 0.543837 0.155624 0.188906
3 0.82959 0.263453 0.0711184 0.121969
6 0.937523 0.1571 0.0895244 0.153207
3 0.707434 0.289482 0.079486 0.0907334
6 0.922462 0.0589291 0.0594038 0.0907334
3 0.156475 0.638288 0.0552207 0.118994
6 0.694883 0.145944 0.0627522 0.0832968
3 0.899872 0.42484 0.0660979 0.0490863
6 0.734208 0.239653 0.0761376 0.0713962
4 0.439276 0.711916 0.274434 0.278151
2 0.259387 0.879254 0.0970559 0.154693
4 0.351005 0.583997 0.0594052 0.0847831
0 0.680618 0.912717 0.0963021 0.108572
6 0.636734 0.05298 0.0418339 0.0609844
6 0.311262 0.11694 0.105422 0.105609
3 0.788593 0.101319 0.0644257 0.0714011
6 0.927482 0.0566971 0.0644243 0.0892471
0 0.643008 0.0864462 0.107933 0.142795
4 0.454336 0.920903 0.0317941 0.0773465
4 0.371922 0.523755 0.0443435 0.0803216
0 0.683588 0.730509 0.0886897 0.181467
0 0.535871 0.805626 0.139809 0.191881
4 0.598664 0.937396 0.0978934 0.125207
6 0.891086 0.43674 0.110443 0.185931
3 0.907402 0.475413 0.0476905 0.0966837
4 0.890667 0.948551 0.0527111 0.102897
4 0.45768 0.653163 0.0769819 0.13982
1 0.718311 0.80042 0.0292832 0.0446223
0 0.546371 0.888923 0.0619147 0.197831
6 0.537586 0.0291801 0.104586 0.0580093
6 0.422961 0.54458 0.0828317 0.121971
6 0.173209 0.81083 0.0602426 0.243935
0 0.248093 0.746874 0.0660979 0.116019
