6 0.871842 0.537886 0.0635883 0.144281
3 0.505373 0.73051 0.0502015 0.116021
4 0.55934 0.541605 0.128014 0.148745
5 0.531269 0.63457 0.0787336 0.123458
6 0.688189 0.538629 0.0677714 0.133872
6 0.629622 0.598871 0.0644243 0.0580093
5 0.831682 0.591434 0.132196 0.188906
-1 0.565197 0.765464 0.12132 0.135358
4 0.14518 0.613002 0.0476905 0.136847
4 0.396605 0.587716 0.0937089 0.0951974
-1 0.242235 0.663575 0.116299 0.365911
3 0.828294 0.837606 0.113873 0.154695
3 0.694047 0.823475 0.10626 0.212705
0 0.942124 0.685887 0.0719545 0.261788
6 0.689445 0.727534 0.055222 0.0535478
6 0.652213 0.688862 0.0393243 0.0475975
