4 0.150619 0.28725 0.0870107 0.351036
1 0.601593 0.50665 0.0267736 0.0461111
6 0.514996 0.507394 0.0711184 0.130894
0 0.48362 0.57061 0.0870148 0.242454
6 0.599919 0.586228 0.0535471 0.0922222
0 0.309592 0.676963 0.0736335 0.24394
4 0.310844 0.938008 0.0443448 0.0758601
5 0.188688 0.0350426 0.0744641 0.0700853
0 0.392002 0.51261 0.109607 0.132383
6 0.178229 0.39881 0.117135 0.0922198
6 0.0297177 0.0611611 0.0376508 0.0505726
6 0.350587 0.857686 0.120482 0.159154
4 0.141833 0.888923 0.12132 0.147256
6 0.846323 0.586228 0.0426713 0.050575
4 0.544701 0.82645 0.053554 0.16808
4 0.331343 0.568378 0.0251001 0.0327217
4 0.783154 0.523756 0.0167338 0.029749
6 0.569799 0.545323 0.0418339 0.052059
4 0.385309 0.115452 0.0359772 0.0371857
6 0.20584 0.84653 0.0552207 0.050575
6 0.692374 0.591434 0.0409978 0.0609868
3 0.0874068 0.200236 0.0578152 0.159157
6 0.357281 0.725303 0.0635883 0.162132
0 0.567289 0.46054 0.0937089 0.129408
0 0.26148 0.874793 0.0928714 0.13982
