3 0.626693 0.77662 0.0267749 0.0594981
1 0.592808 0.745385 0.0209169 0.0327242
4 0.552229 0.0998343 0.16901 0.181467
6 0.356862 0.758771 0.10626 0.211216
6 0.655559 0.582509 0.0677714 0.156182
6 0.525036 0.787032 0.0962185 0.0654483
-1 0.857616 0.771414 0.16567 0.385246
0 0.773532 0.581021 0.0309567 0.105609
0 0.549718 0.644982 0.103749 0.22758
4 0.44053 0.74241 0.0928728 0.104123
6 0.617908 0.595152 0.0711184 0.0892471
0 0.524199 0.707455 0.0543846 0.0907334
6 0.261898 0.837606 0.0686088 0.0594956
6 0.581094 0.631595 0.0711184 0.0996564
4 0.325487 0.804139 0.0301206 0.052059
6 0.280724 0.163794 0.0711184 0.0922222
6 0.266081 0.973838 0.0401617 0.0523246
6 0.704086 0.547554 0.0811582 0.178494
6 0.512486 0.893386 0.0660979 0.123458
4 0.782318 0.617463 0.0150603 0.0386745
6 0.672715 0.705227 0.0284526 0.0416423
6 0.252695 0.890409 0.0368147 0.0758577
4 0.0363686 0.124376 0.0494476 0.114532
6 0.455173 0.897847 0.0686075 0.141308
3 0.566828 0.839837 0.0343887 0.0371881
5 0.467305 0.685144 0.0627508 0.132383
6 0.452662 0.789264 0.0619147 0.0907359
6 0.158567 0.965526 0.0527124 0.0624708
