6 0.631295 0.324437 0.0192434 0.0386745
0 0.538841 0.143709 0.0368133 0.0609747
0 0.0887034 0.929084 0.0686075 0.0937086
6 0.582349 0.561685 0.0401617 0.0758601
0 0.567707 0.376499 0.097892 0.133869
0 0.0485437 0.938884 0.0669339 0.122232
6 0.559758 0.180156 0.0468544 0.0803216
0 0.177812 0.277584 0.0694408 0.0699098
0 0.627948 0.113964 0.046017 0.0877583
0 0.397023 0.102071 0.0644243 0.0847953
0 0.173209 0.953627 0.130524 0.0892471
6 0.461448 0.342288 0.0510376 0.0594981
0 0.41376 0.311048 0.0593997 0.0862768
5 0.860129 0.36088 0.0702823 0.132383
1 0.115896 0.983506 0.0142229 0.0329873
4 0.465212 0.23891 0.130524 0.182956
0 0.80156 0.274609 0.140563 0.0818104
1 0.740064 0.255272 0.0158964 0.0223124
0 0.424217 0.1809 0.0384841 0.0699098
6 0.213788 0.223292 0.0527111 0.0743713
0 0.263989 0.24114 0.0660979 0.0862719
6 0.208769 0.153381 0.0727919 0.136845
1 0.34222 0.144458 0.0200809 0.029749
6 0.653468 0.13702 0.0468476 0.0684211
4 0.42045 0.0738036 0.0158978 0.0252875
1 0.609541 0.329644 0.0225905 0.0312378
6 0.701996 0.375011 0.0602412 0.038672
4 0.240981 0.394348 0.0468544 0.121971
6 0.723331 0.314025 0.0225905 0.0446248
0 0.819968 0.407734 0.100403 0.101145
6 0.0150678 0.974451 0.0301357 0.0505726
6 0.315027 0.287996 0.0577303 0.141308
1 0.859711 0.434508 0.0209183 0.0535478
0 0.320048 0.180156 0.0594052 0.107096
6 0.69321 0.329644 0.0259375 0.0342105
0 0.525872 0.274608 0.0493654 0.132383
