0 0.93041 0.0216557 0.135544 0.0433114
3 0.980612 0.215111 0.0368133 0.043136
3 0.984796 0.280558 0.0267736 0.0937086
3 0.810764 0.161563 0.158971 0.200807
6 0.803235 0.0738036 0.0384868 0.0609844
6 0.699485 0.139995 0.0301206 0.0475975
3 0.430071 0.065625 0.0819915 0.113048
0 0.261061 0.166026 0.0669353 0.239479
4 0.128028 0.735715 0.0753015 0.102634
6 0.260643 0.651676 0.11128 0.220141
1 0.187014 0.795214 0.0209169 0.0342105
4 0.389492 0.950039 0.0610787 0.099922
1 0.862221 0.0990899 0.0209169 0.034213
