3 0.165637 0.839837 0.105506 0.224605
4 0.219227 0.0946308 0.165663 0.179988
6 0.199146 0.572097 0.0334677 0.0550365
6 0.33218 0.562428 0.0351412 0.0565229
4 0.679363 0.536397 0.046938 0.123458
4 0.627111 0.944702 0.0694449 0.110071
6 0.339709 0.444178 0.120482 0.150231
3 0.0966523 0.551273 0.0393243 0.0788328
4 0.560135 0.386166 0.0293681 0.156182
2 0.431327 0.0403363 0.0727906 0.0713986
0 0.216299 0.42856 0.111279 0.166594
3 0.39535 0.350468 0.0476919 0.081808
6 0.496589 0.352699 0.0711184 0.0624732
3 0.497843 0.523755 0.0552207 0.127919
4 0.834191 0.944702 0.0753015 0.110071
3 0.708689 0.183131 0.0468544 0.0594981
6 0.269428 0.48285 0.0251001 0.0639596
4 0.258133 0.705967 0.0426713 0.063962
4 0.573982 0.540117 0.0334677 0.101145
4 0.75638 0.463514 0.0368147 0.0758577
6 0.381963 0.726791 0.0225905 0.0550341
1 0.259387 0.364599 0.0301206 0.0446223
4 0.576869 0.66655 0.0260211 0.0922222
4 0.845905 0.839837 0.0719559 0.0847856
4 0.467305 0.458308 0.0811582 0.175519
6 0.170281 0.619695 0.0343037 0.108582
6 0.270265 0.79447 0.0251014 0.0713962
