2 0.638825 0.531193 0.049364 0.124944
1 0.75136 0.545323 0.0267736 0.0550365
0 0.568543 0.472438 0.119646 0.156182
4 0.479437 0.463514 0.0736294 0.197831
6 0.911586 0.678449 0.0895258 0.101148
0 0.228849 0.47095 0.0577303 0.0877583
6 0.81202 0.555736 0.112954 0.165107
6 0.0518894 0.985607 0.0451823 0.0282602
1 0.625397 0.487312 0.0226741 0.0312378
-1 0.328415 0.430045 0.102913 0.0832968
0 0.610796 0.43302 0.0652604 0.0773465
4 0.216298 0.375754 0.0259375 0.0847831
0 0.71329 0.500701 0.0962185 0.135358
6 0.140578 0.931315 0.0669353 0.136845
6 0.795286 0.484338 0.0928714 0.0907334
6 0.0924685 0.955113 0.0677714 0.0832968
6 0.869751 0.483594 0.0911993 0.113046
4 0.522525 0.562429 0.0845052 0.101145
4 0.498262 0.38691 0.0175713 0.0475975
0 0.481528 0.540117 0.121319 0.142792
6 0.190361 0.459795 0.027611 0.050575
4 0.604939 0.562428 0.0619147 0.0713962
1 0.619163 0.534167 0.0200809 0.0386745
0 0.307079 0.499956 0.127177 0.116019
