6 0.461329 0.323148 0.0239405 0.0442008
6 0.129377 0.821614 0.0451192 0.0687549
6 0.186928 0.964828 0.0331483 0.0703436
6 0.726062 0.260124 0.0543284 0.160424
6 0.49264 0.266676 0.0497259 0.153869
0 0.820903 0.184007 0.0432854 0.175163
0 0.367407 0.16927 0.11418 0.080212
0 0.504607 0.0825889 0.066298 0.165178
6 0.461789 0.204465 0.0359115 0.06548
6 0.313542 0.233112 0.0672149 0.119498
6 0.205807 0.135713 0.0432744 0.19644
6 0.353596 0.333795 0.0349877 0.0687646
6 0.663906 0.0858626 0.084719 0.171725
6 0.789598 0.328065 0.0561691 0.0442105
6 0.80341 0.285498 0.0524863 0.0474732
6 0.247241 0.165179 0.0524863 0.0851243
3 0.345313 0.617807 0.0589364 0.148986
4 0.378454 0.0538584 0.0810307 0.104759
1 0.0474246 0.854353 0.0193366 0.0491106
0 0.284073 0.865813 0.124309 0.0982188
0 0.270261 0.959917 0.054327 0.0801657
0 0.131679 0.749586 0.0699808 0.0982212
0 0.100831 0.965646 0.0893188 0.0687086
0 0.0819552 0.908375 0.103132 0.160424
0 0.0285478 0.933748 0.0570902 0.129323
0 0.0285465 0.869905 0.0570929 0.0867593
0 0.168972 0.82898 0.0506442 0.152239
0 0.300187 0.0195651 0.0902399 0.0391301
1 0.418051 0.190552 0.0184156 0.0409235
1 0.825049 0.257668 0.0239405 0.0409259
1 0.442453 0.02202 0.0248616 0.04404
1 0.0395984 0.970577 0.0184183 0.0294591
1 0.231127 0.872361 0.0184156 0.0392885
