0 0.078715 0.96333 0.15743 0.0733406
0 0.411936 0.942178 0.0704783 0.114732
0 0.811904 0.15495 0.123222 0.16856
1 0.862324 0.089721 0.0231922 0.0426535
0 0.763345 0.0666898 0.0812514 0.131937
0 0.539235 0.032539 0.0631785 0.065078
1 0.554003 0.0412878 0.0266571 0.0483406
0 0.505321 0.137265 0.0758141 0.19165
1 0.534503 0.0550073 0.0182168 0.0280409
0 0.767055 0.317711 0.058861 0.156962
0 0.833081 0.228483 0.0633388 0.200748
0 0.553046 0.165465 0.0691708 0.0719688
0 0.614599 0.244971 0.0703824 0.221009
0 0.417679 0.151156 0.119801 0.0816983
0 0.397756 0.0609588 0.0884567 0.113808
1 0.364419 0.149738 0.010625 0.0269176
6 0.276521 0.164615 0.115392 0.259542
6 0.117596 0.0528289 0.0967352 0.103499
6 0.164082 0.249201 0.063088 0.138129
4 0.202401 0.276709 0.0548972 0.112156
0 0.212583 0.281433 0.0473725 0.035039
6 0.170055 0.112197 0.110929 0.207975
3 0.24778 0.201544 0.0334704 0.0887792
3 0.293548 0.156681 0.0592366 0.108616
6 0.380012 0.206739 0.0345326 0.0953923
6 0.712867 0.161396 0.125465 0.223046
6 0.627757 0.140995 0.110547 0.194486
6 0.595626 0.137935 0.0937157 0.169325
6 0.623174 0.353888 0.0978605 0.200607
6 0.578528 0.430413 0.0573766 0.126484
6 0.616397 0.507256 0.0566118 0.122403
6 0.343734 0.373536 0.0959348 0.21788
4 0.505307 0.322126 0.157442 0.190134
6 0.70521 0.383568 0.0596738 0.0718007
