4 0.372759 0.519293 0.0778125 0.0803216
5 0.283651 0.520037 0.0786486 0.114532
3 0.789847 0.085703 0.0535485 0.171055
1 0.482755 0.183214 0.0237582 0.0518372
0 0.457381 0.203375 0.0745203 0.0691277
0 0.511913 0.165934 0.151188 0.136308
0 0.658242 0.284965 0.0701946 0.143989
0 0.717096 0.243689 0.0647958 0.161267
0 0.732215 0.303204 0.0431963 0.11903
0 0.774333 0.319522 0.0907127 0.155507
0 0.606406 0.393437 0.0507552 0.230383
0 0.866125 0.453913 0.149028 0.113275
6 0.708997 0.456791 0.0550754 0.11519
6 0.30079 0.971256 0.11987 0.0574878
6 0.42174 0.949178 0.145788 0.101645
0 0.528651 0.21489 0.111231 0.0806335
0 0.595066 0.964535 0.0583155 0.0709308
0 0.210617 0.953021 0.0518366 0.0939571
6 0.877464 0.358879 0.0917914 0.0806335
6 0.286211 0.915635 0.0345573 0.0729557
3 0.518392 0.948219 0.0734348 0.103562
1 0.447658 0.126578 0.0161993 0.0499147
