4 0.438021 0.917184 0.0560581 0.0847831
-1 0.105019 0.555736 0.109605 0.179981
3 0.680659 0.226266 0.0259375 0.0773465
0 0.219607 0.0685063 0.0444216 0.137013
0 0.55683 0.88446 0.144746 0.102634
1 0.62251 0.877022 0.0167338 0.0520614
-1 0.0435225 0.480624 0.0619161 0.0684308
0 0.299549 0.186105 0.0970559 0.196343
6 0.298712 0.0886757 0.0686088 0.108589
1 0.818295 0.914209 0.0217544 0.0371857
5 0.704087 0.594409 0.138054 0.248404
6 0.509139 0.286508 0.0443448 0.0788353
1 0.0602563 0.252297 0.0217544 0.0371857
6 0.494915 0.223291 0.0443448 0.0565229
0 0.0364035 0.307333 0.072807 0.156182
0 0.187852 0.298408 0.12132 0.177005
3 0.435469 0.377243 0.0728755 0.156182
4 0.928319 0.923134 0.079486 0.144284
0 0.154802 0.0916533 0.0937103 0.0847831
-1 0.105018 0.442692 0.0209183 0.0490789
1 0.0899555 0.202468 0.0209115 0.0594981
0 0.633385 0.769924 0.0987322 0.126428
6 0.400787 0.224779 0.0652618 0.0832968
0 0.0497903 0.196518 0.0995806 0.0713986
6 0.101672 0.129582 0.0744655 0.0505726
-1 0.181576 0.509625 0.102075 0.126433
4 0.639202 0.309563 0.0285307 0.0565229
4 0.192871 0.120658 0.0192434 0.0416472
6 0.0723876 0.0812451 0.0794846 0.135346
0 0.657651 0.922522 0.117135 0.154956
4 0.355147 0.403272 0.0845888 0.116019
1 0.707434 0.860662 0.0225905 0.0282627
1 0.338873 0.264197 0.0234265 0.0312354
3 0.592808 0.748359 0.0828331 0.169569
3 0.624183 0.367573 0.0418339 0.0654483
4 0.553024 0.284278 0.0285307 0.0684235
1 0.91786 0.787777 0.0217544 0.0490863
4 0.0426864 0.639033 0.0334677 0.0520614
1 0.717892 0.824962 0.0267736 0.043136
3 0.263153 0.54681 0.133033 0.275175
3 0.253949 0.946189 0.0828331 0.0892446
6 0.161495 0.170487 0.0652604 0.129405
4 0.713291 0.1452 0.0594052 0.0996589
0 0.445132 0.171232 0.112115 0.0981701
6 0.123426 0.291713 0.0326302 0.0594981
4 0.738392 0.415172 0.117973 0.365909
4 0.950491 0.857686 0.0585677 0.117507
4 0.308752 0.955989 0.0836691 0.0880214
