6 0.652631 0.18908 0.0317941 0.0565229
0 0.341801 0.93814 0.119646 0.123721
0 0.272356 0.0357858 0.0828317 0.0715716
1 0.278213 0.871073 0.0225905 0.0401633
4 0.84716 0.0470297 0.0443448 0.0907359
0 0.093724 0.963294 0.0602412 0.072885
3 0.617069 0.222549 0.0627563 0.072885
1 0.711199 0.0879337 0.0133868 0.0327242
6 0.157314 0.907516 0.0301165 0.0565229
0 0.760145 0.100579 0.112952 0.0699098
6 0.363555 0.0313243 0.0376508 0.0626486
0 0.638825 0.0745468 0.0878509 0.14577
3 0.787221 0.48731 0.0695573 0.0949951
