4 0.142251 0.274609 0.0401604 0.0639596
0 0.417104 0.935777 0.13136 0.121969
4 0.451784 0.038761 0.065344 0.0775219
0 0.0957737 0.290227 0.067855 0.20229
6 0.582307 0.734229 0.046938 0.0639596
1 0.473161 0.902309 0.0209169 0.043136
4 0.613725 0.264939 0.0259361 0.0803216
1 0.691118 0.0433102 0.0251014 0.0356993
0 0.174422 0.211393 0.0745491 0.154695
1 0.681915 0.986481 0.0234265 0.027037
0 0.642965 0.087193 0.114714 0.0669396
0 0.366066 0.982763 0.0476905 0.0344737
3 0.494497 0.336338 0.0418339 0.166594
0 0.212492 0.177925 0.0686924 0.162132
3 0.499517 0.919414 0.0418353 0.0565229
3 0.217512 0.427814 0.0686911 0.0937086
1 0.474417 0.0574415 0.0200809 0.0371881
1 0.594021 0.0842166 0.018491 0.043136
6 0.104182 0.171231 0.079486 0.118996
6 0.272356 0.236678 0.0677714 0.0565229
0 0.0527262 0.291714 0.0451809 0.130894
3 0.25349 0.409221 0.0686924 0.124944
5 0.241776 0.0819846 0.065344 0.124944
6 0.861342 0.615233 0.0611623 0.111557
4 0.045196 0.332619 0.0251014 0.0520614
6 0.934971 0.898592 0.0594888 0.118996
2 0.777715 0.625646 0.122993 0.153207
4 0.23094 0.231472 0.0251014 0.0520614
4 0.82206 0.671012 0.0376508 0.0505726
0 0.677271 0.0298367 0.0544682 0.0596735
0 0.0459903 0.202468 0.0753851 0.107096
3 0.755961 0.177181 0.0376521 0.148743
1 0.199146 0.267171 0.0251014 0.0401608
