6 0.51374 0.609284 0.0301206 0.0461111
0 0.128864 0.79075 0.070281 0.233528
4 0.550973 0.679937 0.0276096 0.127919
4 0.349751 0.78778 0.0937089 0.0758528
6 0.395768 0.641263 0.127177 0.300465
6 0.575238 0.615234 0.0543846 0.072885
4 0.176974 0.94037 0.126339 0.119259
4 0.457683 0.66655 0.0435074 0.0773489
6 0.315446 0.627875 0.0619147 0.113046
6 0.268173 0.679937 0.0259375 0.0446248
1 0.59741 0.59069 0.0267736 0.0475975
4 0.292855 0.730509 0.112116 0.154693
0 0.648864 0.561689 0.12969 0.111564
6 0.696138 0.487314 0.0317941 0.0818104
6 0.742991 0.430789 0.0903605 0.191881
4 0.640917 0.510368 0.0368147 0.0594981
