4 0.609082 0.773645 0.0653454 0.160643
1 0.376524 0.575816 0.0217544 0.0267739
6 0.658486 0.68663 0.113792 0.108582
4 0.293692 0.636058 0.0853413 0.218655
6 0.0899609 0.921778 0.119642 0.156445
4 0.740901 0.0462853 0.0343051 0.0892471
4 0.209187 0.633826 0.0485266 0.133869
3 0.308334 0.40104 0.0510376 0.0669347
6 0.725004 0.764721 0.046017 0.0713962
4 0.827875 0.79075 0.0511225 0.233528
4 0.705761 0.561685 0.104586 0.0818104
1 0.520853 0.534167 0.0292845 0.0386745
4 0.743409 0.720842 0.0560622 0.111557
3 0.952165 0.687375 0.0234279 0.0951974
3 0.74634 0.821988 0.070281 0.0937086
4 0.947981 0.025374 0.0585691 0.0507481
6 0.259807 0.465746 0.134707 0.172544
4 0.763073 0.91049 0.0970559 0.172544
