4 0.21086 0.231472 0.102076 0.132383
5 0.34473 0.212136 0.0736294 0.123458
4 0.945471 0.930571 0.048528 0.0907334
3 0.881046 0.947064 0.0886883 0.105872
4 0.152251 0.355674 0.046938 0.0684235
1 0.513697 0.444921 0.0251823 0.029749
6 0.271517 0.590691 0.0342969 0.0624732
1 0.0803337 0.269397 0.0384827 0.0535599
4 0.691536 0.96417 0.094545 0.0716594
0 0.499098 0.248578 0.0560581 0.130894
3 0.171494 0.61672 0.0619984 0.0669347
1 0.707392 0.151148 0.0276946 0.0312427
3 0.208768 0.687375 0.0560581 0.196343
0 0.138486 0.247834 0.0727919 0.227578
1 0.372344 0.293945 0.0200877 0.0401608
5 0.185759 0.446408 0.0786486 0.0951949
4 0.402878 0.602591 0.104578 0.237995
1 0.254786 0.409966 0.0259375 0.0401608
1 0.125518 0.340056 0.0301206 0.0371881
6 0.55934 0.287996 0.0928714 0.150231
6 0.622092 0.313282 0.049364 0.165107
6 0.872259 0.911976 0.0627467 0.1279
6 0.53926 0.968632 0.138054 0.0627364
4 0.40539 0.369804 0.027611 0.0699098
1 0.778552 0.862148 0.0225918 0.0371857
6 0.0878255 0.636801 0.0670189 0.0803216
6 0.520811 0.39881 0.0963035 0.0654459
1 0.480273 0.467232 0.0317941 0.0475975
0 0.434674 0.373523 0.119646 0.243942
4 0.0359923 0.447152 0.0702823 0.17403
0 0.427144 0.290227 0.12634 0.104123
5 0.890668 0.731998 0.0828331 0.118996
0 0.34724 0.377242 0.13889 0.105609
0 0.250184 0.326668 0.0568956 0.20973
0 0.814948 0.747616 0.132196 0.102634
0 0.0468688 0.325177 0.0920354 0.165095
0 0.318374 0.278327 0.0962198 0.110071
4 0.222113 0.556479 0.0427549 0.0446248
0 0.103764 0.440458 0.0669353 0.0594981
4 0.798633 0.824219 0.0610787 0.101148
0 0.744248 0.216598 0.0962185 0.16213
