3 0.482323 0.0342982 0.0728755 0.0685965
3 0.477345 0.913465 0.0794846 0.127919
1 0.15271 0.618208 0.027611 0.0580093
3 0.686935 0.645725 0.0903618 0.163618
4 0.211278 0.683656 0.0878522 0.123458
0 0.106274 0.727534 0.110443 0.273689
4 0.726219 0.585489 0.0703687 0.123467
3 0.190361 0.0671101 0.0945463 0.0862719
3 0.304569 0.87851 0.0518736 0.108584
3 0.653468 0.91644 0.0753015 0.118996
6 0.77897 0.578047 0.0251001 0.0609868
1 0.784827 0.434508 0.0368147 0.0475975
3 0.144343 0.0968592 0.0560581 0.0773489
2 0.779388 0.420378 0.0393243 0.0877583
0 0.228389 0.768439 0.0569778 0.284101
6 0.333435 0.830168 0.0443448 0.0862719
6 0.581094 0.523012 0.154786 0.177008
1 0.561432 0.351212 0.0251001 0.0356993
6 0.909494 0.949296 0.175704 0.101408
0 0.233032 0.542349 0.196621 0.218655
