0 0.161872 0.975195 0.106343 0.0461111
4 0.402043 0.230729 0.076139 0.127919
1 0.719566 0.363109 0.0217544 0.0595029
2 0.798633 0.315514 0.178214 0.193367
0 0.528801 0.962683 0.0568942 0.0746345
6 0.663508 0.938889 0.152277 0.122222
6 0.676058 0.444178 0.0217544 0.043136
6 0.855946 0.398811 0.150603 0.107096
4 0.271478 0.239653 0.108017 0.0624732
6 0.333853 0.9783 0.0351412 0.0433991
6 0.509975 0.254529 0.0677714 0.0713962
4 0.855528 0.485826 0.107933 0.0520614
0 0.0878598 0.917924 0.17572 0.160653
