4 0.956348 0.0283492 0.0819942 0.0566983
6 0.263947 0.606307 0.0661815 0.20973
6 0.309589 0.0365302 0.0418339 0.0730604
4 0.323394 0.54458 0.0292832 0.0416496
4 0.923718 0.783314 0.0585677 0.144284
0 0.520853 0.660601 0.0627522 0.24989
6 0.62251 0.566891 0.0819956 0.130897
1 0.361882 0.69035 0.0225905 0.0356993
4 0.603266 0.781083 0.0585691 0.101148
4 0.154802 0.49475 0.0652618 0.0996564
4 0.724585 0.758771 0.158971 0.202293
4 0.668946 0.701505 0.11128 0.206757
0 0.422545 0.617461 0.113784 0.166589
4 0.28156 0.471695 0.0878522 0.0981701
4 0.229267 0.550529 0.0552207 0.133869
6 0.362294 0.538629 0.0351425 0.0892471
6 0.612051 0.649444 0.0660979 0.108582
0 0.353932 0.623417 0.0870107 0.148735
6 0.457264 0.703737 0.094545 0.157668
4 0.577329 0.691224 0.0669353 0.156445
