6 0.915769 0.588459 0.094545 0.135358
0 0.682333 0.659113 0.10626 0.237992
4 0.805284 0.0693421 0.0377344 0.0669347
4 0.786083 0.683656 0.0711184 0.102634
4 0.430909 0.760258 0.0401617 0.0684211
6 0.455591 0.606308 0.0292845 0.0550341
3 0.365187 0.750591 0.0561417 0.108584
4 0.242654 0.488057 0.117137 0.121971
4 0.919952 0.716379 0.0778125 0.120482
-1 0.628785 0.305846 0.15646 0.212705
4 0.628366 0.707455 0.048528 0.174033
1 0.640917 0.749848 0.0251014 0.0565229
6 0.283652 0.390629 0.0719559 0.0996589
0 0.388655 0.61449 0.0677714 0.190392
6 0.661835 0.89859 0.0368133 0.0565229
6 0.413338 0.497724 0.0619147 0.126433
4 0.429614 0.0551231 0.0460979 0.110246
4 0.843814 0.965658 0.0928714 0.0686842
6 0.497804 0.0335526 0.0369024 0.0671053
6 0.142251 0.667294 0.0502015 0.0580093
6 0.222574 0.628621 0.0301206 0.0461111
4 0.92288 0.0574415 0.0401604 0.072885
6 0.711199 0.0931396 0.107096 0.150231
4 0.531312 0.64052 0.142237 0.182956
6 0.433 0.617465 0.0259375 0.0416496
4 0.553065 0.778108 0.0602412 0.223116
1 0.619582 0.427071 0.0192434 0.0475975
0 0.681078 0.421865 0.138891 0.0818104
1 0.196218 0.527474 0.027611 0.0490863
4 0.538004 0.0201681 0.0401617 0.0403363
0 0.509557 0.51855 0.145584 0.0996589
6 0.691955 0.5126 0.0853413 0.191881
4 0.351842 0.615234 0.0292845 0.0461111
4 0.30578 0.0692495 0.0711979 0.138499
4 0.292856 0.531193 0.0803221 0.101148
4 0.612889 0.935909 0.0359772 0.128182
6 0.454755 0.408478 0.0861787 0.120485
4 0.582767 0.0775219 0.04267 0.14577
4 0.683965 0.115452 0.0963035 0.203779
4 0.608705 0.577298 0.141401 0.127909
3 0.189943 0.406246 0.132197 0.255841
6 0.487804 0.786289 0.110443 0.26328
