6 0.89276 0.91644 0.0686088 0.124946
6 0.613306 0.568378 0.0602412 0.0654459
6 0.292437 0.567635 0.0409978 0.0818104
4 0.105019 0.652418 0.049364 0.0639596
6 0.448061 0.554248 0.0861787 0.123458
6 0.285284 0.639771 0.0285307 0.0684308
4 0.128864 0.473182 0.0267749 0.0386745
6 0.239307 0.533423 0.0502015 0.0847856
6 0.501149 0.594409 0.0502851 0.0609868
6 0.187014 0.57061 0.154788 0.171055
6 0.661414 0.548296 0.0326275 0.0371808
0 0.150619 0.505906 0.0686088 0.107096
6 0.389489 0.502934 0.0225836 0.0327193
6 0.783991 0.399554 0.0418353 0.072885
6 0.0677865 0.694811 0.0334677 0.0505726
4 0.34222 0.556479 0.0619147 0.0922222
6 0.525454 0.491032 0.0769751 0.0684235
6 0.391166 0.659113 0.049364 0.0684211
6 0.124263 0.77662 0.0259375 0.0446248
5 0.249766 0.648701 0.0627522 0.133869
6 0.193289 0.772902 0.0418339 0.0312378
6 0.384891 0.566146 0.0502015 0.0966837
1 0.713708 0.519293 0.0317941 0.0327242
6 0.959276 0.965658 0.0527111 0.0686842
4 0.675221 0.477645 0.0652618 0.0951974
6 0.340128 0.710429 0.0359772 0.0342105
-1 0.276958 0.833886 0.11379 0.260302
0 0.727514 0.488806 0.0594052 0.111569
1 0.472325 0.683656 0.0276096 0.043136
