6 0.585696 0.626389 0.0234279 0.0892446
6 0.922462 0.42261 0.144746 0.15172
4 0.723329 0.47095 0.0175685 0.17403
4 0.696138 0.575073 0.0619147 0.0461111
6 0.884394 0.595895 0.155624 0.177005
4 0.325068 0.47467 0.0493654 0.0951974
6 0.545535 0.500699 0.0217544 0.0550341
6 0.402001 0.373523 0.0845888 0.0951949
6 0.489898 0.35865 0.0878577 0.127924
4 0.318372 0.624901 0.0426686 0.163618
6 0.430909 0.25899 0.0819956 0.101148
0 0.684006 0.435997 0.0644243 0.0535478
1 0.591134 0.409221 0.0209169 0.0505726
3 0.168189 0.93814 0.108769 0.123721
6 0.685679 0.511112 0.0543846 0.0907334
6 0.636273 0.493263 0.0611623 0.0788353
3 0.229267 0.42484 0.0435074 0.177005
1 0.81955 0.647954 0.0175699 0.0371808
0 0.553901 0.430789 0.0920354 0.0937086
4 0.34678 0.219572 0.0728755 0.0966837
4 0.37234 0.590691 0.070281 0.148745
6 0.28407 0.215111 0.0744641 0.174033
2 0.653049 0.383192 0.0978934 0.0758577
4 0.784367 0.625646 0.0929564 0.0788353
3 0.266458 0.495493 0.0695285 0.196343
