6 0.596154 0.18313 0.0711184 0.136845
4 0.521689 0.979045 0.0577316 0.0419103
4 0.0627673 0.603333 0.0920367 0.147256
4 0.104182 0.328155 0.0393243 0.072885
6 0.254367 0.224035 0.122156 0.147256
1 0.0715515 0.214366 0.0209183 0.0386745
6 0.450153 0.394348 0.105424 0.10412
6 0.141415 0.260478 0.0619147 0.116019
2 0.267336 0.308076 0.079486 0.0624732
3 0.638407 0.100577 0.0602412 0.0580117
0 0.0410122 0.233704 0.0803221 0.0892446
0 0.329251 0.291714 0.107932 0.0743738
0 0.364392 0.180899 0.104585 0.135356
4 0.27608 0.41294 0.185828 0.203779
6 0.521689 0.138508 0.0995655 0.130894
6 0.411666 0.257502 0.0819942 0.0981725
0 0.0439405 0.357906 0.049364 0.197829
3 0.612052 0.931315 0.0711184 0.0922198
