0 0.309171 0.13107 0.0727906 0.193367
6 0.456427 0.22106 0.143074 0.159157
3 0.895265 0.659113 0.055222 0.184444
6 0.785664 0.963426 0.0317941 0.0731481
6 0.663508 0.36683 0.0317941 0.0550341
0 0.243909 0.284278 0.122993 0.121971
0 0.262316 0.331875 0.121319 0.10412
1 0.332598 0.0559503 0.0292832 0.0342203
6 0.684425 0.166769 0.0803221 0.166594
1 0.210441 0.365347 0.0192434 0.0371759
6 0.896943 0.312539 0.107096 0.13982
4 0.353934 0.297663 0.0836678 0.0713986
0 0.466467 0.337825 0.178218 0.136845
6 0.602429 0.279814 0.0836691 0.148745
