4 0.864313 0.935777 0.0686088 0.121969
1 0.170699 0.370549 0.0267736 0.0565229
6 0.103764 0.371291 0.107096 0.200804
1 0.76893 0.984251 0.0251001 0.0314985
6 0.471488 0.949905 0.0644257 0.099654
0 0.237216 0.331875 0.15646 0.133872
0 0.042267 0.462026 0.0711184 0.168082
6 0.740483 0.313282 0.0535485 0.242451
3 0.232153 0.289488 0.0611623 0.0431481
4 0.606613 0.171231 0.0284471 0.0535478
6 0.68819 0.855454 0.079486 0.148745
6 0.532148 0.229985 0.0435088 0.0847856
1 0.840467 0.726047 0.0192434 0.0505726
6 0.53173 0.810832 0.119646 0.0922198
6 0.232614 0.395835 0.0468544 0.10412
6 0.548882 0.961808 0.137218 0.072885
6 0.277377 0.354186 0.0727906 0.0654483
4 0.436765 0.907516 0.0301206 0.0446223
4 0.606613 0.89636 0.0200809 0.0401608
7 0.336781 0.41889 0.027611 0.0580093
4 0.958022 0.869586 0.070281 0.0847856
6 0.891086 0.723073 0.103749 0.136847
0 0.389493 0.349725 0.13136 0.193367
4 0.542606 0.876279 0.146421 0.101145
4 0.698649 0.802651 0.0602412 0.11751
0 0.406645 0.943214 0.0937089 0.113046
0 0.791521 0.717867 0.117137 0.093711
3 0.275661 0.464258 0.071202 0.110071
