4 0.502027 0.153382 0.0602412 0.0981725
4 0.783991 0.941726 0.0384882 0.101148
6 0.730026 0.720841 0.0995696 0.159157
5 0.805745 0.109502 0.132197 0.135358
-1 0.407061 0.198749 0.0594079 0.108584
6 0.541769 0.941728 0.0744655 0.0862719
3 0.75638 0.36683 0.073628 0.147256
0 0.560595 0.102808 0.0853427 0.181469
6 0.114641 0.819012 0.0803207 0.0966837
6 0.480273 0.834631 0.0819956 0.127922
1 0.539259 0.887435 0.024264 0.0490863
0 0.454754 0.815295 0.13638 0.113046
0 0.559758 0.795958 0.133869 0.154693
0 0.640499 0.0625597 0.0828317 0.125119
1 0.586532 0.16379 0.0284485 0.0565278
0 0.652213 0.895616 0.13638 0.199318
1 0.630458 0.147432 0.0259361 0.0416472
6 0.36481 0.0172783 0.0535485 0.0342057
6 0.926186 0.188337 0.0419189 0.0818104
0 0.482365 0.900083 0.139727 0.104113
6 0.445969 0.0418238 0.048528 0.0832968
0 0.869751 0.212136 0.0895258 0.22163
1 0.508721 0.795954 0.030122 0.0505824
1 0.713291 0.102065 0.0292845 0.0371857
0 0.258969 0.0580982 0.0594052 0.116196
6 0.331761 0.0365302 0.0644243 0.0730604
1 0.241817 0.0946333 0.0251014 0.0342227
4 0.827917 0.196518 0.0393243 0.0981725
4 0.403298 0.919414 0.0251014 0.0565229
0 0.686098 0.0625597 0.0819956 0.125119
1 0.844649 0.296915 0.0359759 0.0490936
6 0.887321 0.932934 0.0476905 0.134133
3 0.770603 0.194286 0.0602412 0.0847856
-1 0.476508 0.239653 0.0778111 0.175519
6 0.246419 0.216598 0.0376508 0.0877583
0 0.60368 0.0811525 0.0778098 0.162305
0 0.371504 0.881485 0.0886883 0.135358
4 0.687353 0.899466 0.213355 0.201067
6 0.553065 0.0157054 0.0502015 0.0314108
1 0.59992 0.964782 0.0284471 0.0580093
