6 0.245583 0.74241 0.0476919 0.121969
6 0.144343 0.764721 0.0995683 0.130894
4 0.201238 0.894873 0.0209169 0.0937086
6 0.573982 0.242628 0.0719559 0.0773465
4 0.298294 0.87851 0.0577316 0.0699098
0 0.652631 0.127351 0.132197 0.105609
6 0.547208 0.15115 0.0535471 0.0609844
2 0.925391 0.270146 0.0753015 0.114532
5 0.42045 0.828682 0.0928714 0.205268
3 0.978102 0.235191 0.0401617 0.107098
0 0.823734 0.361623 0.0594052 0.172544
1 0.835447 0.295433 0.0292845 0.0461087
6 0.40539 0.201724 0.0443435 0.0609868
4 0.686935 0.235191 0.0920354 0.0743738
1 0.497843 0.141481 0.0200809 0.0475975
1 0.599919 0.117684 0.0234265 0.0624732
0 0.460193 0.152639 0.0920354 0.0788353
0 0.28407 0.716379 0.0627508 0.203782
1 0.299967 0.795213 0.0343037 0.0371857
