3 0.621255 0.588459 0.0811582 0.123458
0 0.222576 0.400297 0.0619202 0.101145
4 0.507465 0.497725 0.0543846 0.105607
6 0.937941 0.647957 0.0719559 0.200807
3 0.227175 0.554248 0.104586 0.182956
6 0.438856 0.604077 0.0962185 0.199318
1 0.409154 0.71861 0.0267736 0.0446223
3 0.422961 0.81455 0.119646 0.248404
4 0.426725 0.271634 0.0284471 0.0223124
0 0.22341 0.961807 0.0568942 0.0758601
6 0.506211 0.558711 0.0803221 0.105609
6 0.345566 0.503674 0.123829 0.153207
4 0.74885 0.025374 0.0451809 0.0507481
4 0.629622 0.821249 0.0711184 0.116031
4 0.382799 0.694811 0.0460184 0.110071
0 0.43551 0.348981 0.0560581 0.179981
1 0.30666 0.389885 0.024264 0.0356969
3 0.399115 0.0351291 0.0753015 0.0669347
-1 0.709944 0.893516 0.0878509 0.212968
6 0.418777 0.953757 0.139727 0.0924854
1 0.12761 0.81455 0.0209183 0.0282627
6 0.601177 0.496237 0.0209128 0.043136
0 0.711617 0.517805 0.124666 0.220141
6 0.5744 0.781083 0.079486 0.0832968
1 0.760982 0.601847 0.027611 0.0401608
4 0.643009 0.415172 0.0510376 0.0594956
0 0.167771 0.868843 0.0978934 0.133869
4 0.532985 0.3051 0.0719559 0.13982
