6 0.730861 0.947808 0.0895258 0.104384
0 0.931665 0.101234 0.0711184 0.202468
0 0.779192 0.911741 0.0593956 0.176518
0 0.490855 0.433754 0.0961116 0.111352
1 0.908782 0.0526633 0.0205181 0.0364766
1 0.769472 0.8398 0.0334786 0.0364766
6 0.687939 0.0114535 0.0323972 0.0229069
6 0.645282 0.0478643 0.018358 0.0537549
6 0.712238 0.120819 0.0334772 0.0691131
0 0.838047 0.934834 0.0777549 0.126711
3 0.981676 0.0469042 0.0323972 0.0863913
0 0.405005 0.440479 0.0885458 0.109442
0 0.267852 0.640136 0.0496765 0.209264
0 0.942259 0.124658 0.0896327 0.180465
0 0.575088 0.103606 0.102592 0.207212
0 0.466016 0.114098 0.106912 0.155507
0 0.146902 0.698692 0.0475164 0.203504
1 0.613425 0.0200926 0.0215981 0.0401852
1 0.42066 0.179374 0.0140392 0.0287963
1 0.372604 0.409756 0.019438 0.0364766
1 0.140962 0.787005 0.0248383 0.0268762
6 0.636643 0.137138 0.0464364 0.0979118
0 0.345066 0.809084 0.0766735 0.0902339
