0 0.320767 0.941545 0.103669 0.101754
0 0.469256 0.983735 0.0853139 0.0325292
1 0.278652 0.916595 0.0151192 0.0287987
1 0.436319 0.98667 0.0151192 0.0230385
6 0.786211 0.196652 0.0431976 0.0479971
0 0.908236 0.797445 0.0443503 0.294515
6 0.506629 0.873305 0.0309581 0.0237987
0 0.432164 0.742409 0.0911993 0.0773465
0 0.288254 0.812318 0.101239 0.0892471
1 0.131375 0.796701 0.0284485 0.0312378
6 0.517924 0.807114 0.0568956 0.0580093
6 0.810765 0.726048 0.115463 0.279639
0 0.457683 0.844299 0.0987294 0.0758601
0 0.676476 0.71861 0.201642 0.116021
0 0.869333 0.879998 0.0535471 0.120482
1 0.343893 0.723073 0.0150603 0.0416472
0 0.545117 0.698529 0.0510389 0.0758601
6 0.601593 0.818269 0.0451809 0.130894
1 0.327996 0.831656 0.0267736 0.0416496
1 0.797796 0.806369 0.0309567 0.0327242
1 0.767257 0.723816 0.021753 0.0520614
1 0.397441 0.728279 0.0200795 0.034213
0 0.699485 0.840581 0.165665 0.130894
0 0.372341 0.815294 0.0418339 0.0892471
0 0.532148 0.744641 0.105422 0.105607
0 0.143925 0.726792 0.0535485 0.177005
0 0.191198 0.749846 0.104586 0.121969
1 0.418358 0.852481 0.0217544 0.0386745
0 0.783571 0.886695 0.0661006 0.196347
0 0.557667 0.819013 0.0911993 0.138333
7 0.397817 0.798188 0.0829153 0.102634
6 0.491987 0.923134 0.0133868 0.0342105
0 0.221319 0.662088 0.112952 0.133869
0 0.292855 0.729765 0.11881 0.0699098
