6 0.346822 0.783315 0.106258 0.188906
1 0.810346 0.625644 0.0259361 0.0371857
1 0.67062 0.524494 0.0276096 0.0312256
0 0.801979 0.66878 0.0510389 0.111557
0 0.807418 0.58251 0.0384868 0.0609844
4 0.40288 0.354931 0.0861787 0.0669371
0 0.612888 0.285021 0.107933 0.0818104
6 0.844232 0.459052 0.0568956 0.17403
0 0.71036 0.398811 0.066938 0.172544
0 0.640499 0.43302 0.0443448 0.0832968
6 0.48362 0.893386 0.0267736 0.0580093
6 0.748013 0.538629 0.0836691 0.154695
0 0.694465 0.575072 0.0719559 0.141308
