0 0.0861931 0.897104 0.0886883 0.202293
4 0.53675 0.372779 0.0895244 0.0699098
4 0.748013 0.382448 0.0987294 0.175519
1 0.250184 0.362368 0.0200809 0.0401608
6 0.138487 0.891155 0.0225905 0.0267739
3 0.960113 0.445665 0.0426713 0.0609844
4 0.683588 0.421866 0.0669353 0.072885
1 0.120498 0.81455 0.0251014 0.0371857
6 0.340965 0.985607 0.0577303 0.0282602
1 0.217135 0.862149 0.024264 0.0401608
3 0.794449 0.420379 0.0443448 0.0966837
4 0.0983251 0.965658 0.0527111 0.0686842
0 0.166934 0.860662 0.116299 0.0699098
