0 0.242612 0.38468 0.0536321 0.141308
6 0.0238603 0.415915 0.0443435 0.0639596
6 0.0819682 0.521524 0.159054 0.200807
1 0.0636027 0.691836 0.0251001 0.0356993
6 0.0405942 0.333363 0.0744641 0.104123
4 0.148945 0.405504 0.174031 0.293026
6 0.637989 0.922522 0.133033 0.154956
0 0.818713 0.695556 0.179888 0.212705
4 0.917024 0.871817 0.0284471 0.0773465
1 0.896944 0.761003 0.0267736 0.0639596
5 0.730861 0.810832 0.0861787 0.130894
4 0.540096 0.273865 0.0376508 0.0535478
1 0.678568 0.449382 0.0167338 0.029749
4 0.453917 0.639031 0.0292845 0.177005
4 0.400329 0.653902 0.0661732 0.0996516
4 0.338455 0.655394 0.0727919 0.114535
3 0.378156 0.563173 0.0636719 0.132383
-1 0.600757 0.545323 0.0635883 0.108584
4 0.4786 0.505905 0.105424 0.10412
4 0.33218 0.714892 0.0317941 0.108584
4 0.194126 0.694811 0.127175 0.205266
0 0.268591 0.232961 0.105422 0.072885
6 0.748849 0.918672 0.0351412 0.105609
4 0.714964 0.909003 0.0343051 0.121969
6 0.611633 0.705966 0.103749 0.316825
6 0.759309 0.319231 0.144746 0.197829
6 0.687353 0.319976 0.0644243 0.0862719
5 0.807836 0.92029 0.101239 0.15942
6 0.597828 0.337825 0.097892 0.136845
0 0.474835 0.394348 0.143074 0.181469
1 0.415012 0.459795 0.021753 0.050575
0 0.466468 0.289483 0.0627522 0.165107
5 0.358954 0.251553 0.102076 0.130894
6 0.356443 0.297664 0.0753015 0.0951974
0 0.276958 0.299152 0.137216 0.107096
1 0.338037 0.315513 0.0251001 0.0475999
