0 0.210818 0.893385 0.10216 0.0847856
0 0.878118 0.173462 0.0928728 0.281126
4 0.26901 0.383192 0.0460184 0.0847856
0 0.516669 0.910491 0.139727 0.154695
4 0.458938 0.135531 0.0594052 0.113046
4 0.374851 0.458307 0.0535471 0.0743713
0 0.625857 0.145944 0.10375 0.0773465
1 0.42547 0.0961148 0.0225905 0.034213
4 0.849211 0.438971 0.046938 0.0832968
6 0.254367 0.965525 0.0368133 0.0565229
3 0.83666 0.569122 0.0636719 0.20973
0 0.431327 0.0574415 0.0409978 0.108582
6 0.423797 0.232961 0.0343037 0.0520614
1 0.671874 0.566148 0.0351412 0.0609844
6 0.510394 0.0752912 0.0886883 0.0907334
4 0.563523 0.0336428 0.0326302 0.0609844
6 0.512067 0.238166 0.0368147 0.0713962
6 0.239307 0.815294 0.105424 0.181469
2 0.371922 0.86066 0.0727919 0.120482
6 0.292856 0.969376 0.0384882 0.0612476
1 0.170238 0.885205 0.0210005 0.0594981
2 0.605355 0.230729 0.0761321 0.101145
0 0.311262 0.0923964 0.0418339 0.0951974
2 0.335524 0.167509 0.0886842 0.123467
1 0.67062 0.166025 0.0142242 0.043136
4 0.155637 0.856937 0.0786527 0.0981823
6 0.312894 0.859917 0.0486116 0.0594981
4 0.312099 0.0306676 0.073628 0.0580117
0 0.227175 0.179413 0.0644243 0.153207
1 0.583604 0.25899 0.0259361 0.0505726
6 0.354729 0.0745468 0.0318777 0.107096
6 0.0489611 0.935909 0.0911979 0.128182
6 0.544698 0.269403 0.0317941 0.0475975
0 0.371922 0.25006 0.0527124 0.118984
3 0.74885 0.13702 0.0451809 0.050575
4 0.487385 0.810088 0.0476919 0.0520614
6 0.522944 0.148919 0.0903618 0.0624732
0 0.395726 0.120658 0.046938 0.160643
4 0.290345 0.0663657 0.0334677 0.123458
0 0.445551 0.871073 0.0828317 0.0788328
6 0.292437 0.177181 0.0845066 0.101145
