3 0.0991653 0.418895 0.193281 0.206747
4 0.330088 0.262708 0.0343037 0.0847831
4 0.767216 0.256015 0.0368983 0.10412
3 0.567247 0.972963 0.0452645 0.0535478
4 0.462285 0.947677 0.0744655 0.0654459
4 0.836284 0.883716 0.133033 0.133869
6 0.645519 0.0507481 0.117973 0.0981725
6 0.650121 0.964782 0.0384868 0.0490863
3 0.605317 0.361624 0.0728755 0.181469
0 0.382799 0.226267 0.117973 0.118996
3 0.486967 0.392117 0.0719545 0.179981
6 0.522526 0.147432 0.0911979 0.148743
-1 0.221737 0.955989 0.199131 0.0880214
4 0.789429 0.758028 0.0644257 0.0877607
6 0.436724 0.244115 0.0720381 0.0684211
4 0.555951 0.430046 0.0544682 0.208241
-1 0.397399 0.524497 0.128932 0.349544
3 0.732953 0.909747 0.0468544 0.072885
2 0.725004 0.263453 0.0443448 0.0892446
3 0.335944 0.337825 0.0594052 0.0773465
4 0.696096 0.344518 0.095466 0.179981
4 0.390329 0.102807 0.0343037 0.142797
5 0.913677 0.78852 0.0686088 0.116021
6 0.659324 0.162306 0.0886897 0.0922198
