6 0.924139 0.912724 0.0410047 0.0550292
3 0.82708 0.918672 0.076139 0.0788353
1 0.824152 0.978912 0.0184073 0.029749
0 0.893178 0.946933 0.0794846 0.0699098
6 0.664762 0.309564 0.0510376 0.124946
0 0.714964 0.301383 0.079486 0.0818104
0 0.215461 0.539379 0.163154 0.078845
4 0.113385 0.585484 0.0376508 0.0758601
3 0.460611 0.449384 0.0560581 0.0743713
6 0.408736 0.45087 0.0911979 0.0803216
0 0.320466 0.495493 0.163991 0.0832968
6 0.356025 0.462027 0.0845066 0.0669347
0 0.597409 0.372779 0.107096 0.135358
6 0.465631 0.981144 0.0778111 0.0312354
1 0.287835 0.547554 0.021753 0.0357018
-1 0.740483 0.401043 0.125503 0.159152
0 0.841722 0.94024 0.0585677 0.098175
1 0.684843 0.325182 0.0192448 0.0371857
4 0.0953975 0.498469 0.0669353 0.101148
5 0.0502159 0.569866 0.100402 0.187417
